0.313025 0.341393 0.538012 0.377587 0.267050 0.345306 0.280745 0.277810 -0.254333 -0.127656 -0.242106 -0.234769 -0.345306 0.053434 0.041574 0.072876 211.537957 110.082959
0.313026 0.341394 0.538013 0.377587 0.267050 0.345307 0.280745 0.277810 -0.254333 -0.127656 -0.242106 -0.234769 -0.345307 0.053434 0.041574 0.075077 211.531648 110.109426
0.311113 0.339395 0.534450 0.376456 0.265275 0.343297 0.276003 0.272102 -0.250646 -0.162871 -0.219437 -0.236504 -0.358901 0.053152 0.069732 0.077778 211.490062 110.420645
0.311060 0.339427 0.534084 0.376598 0.265086 0.343340 0.275846 0.271933 -0.250413 -0.162866 -0.219601 -0.236719 -0.358991 0.053188 0.069695 0.077765 211.483273 110.427320
0.310506 0.337121 0.528353 0.378521 0.266148 0.340078 0.274034 0.270091 -0.244955 -0.165110 -0.222776 -0.238547 -0.361764 0.054339 0.070726 0.079844 211.413193 110.623178
0.309987 0.337367 0.528053 0.378438 0.265982 0.340301 0.273805 0.269894 -0.244958 -0.165261 -0.222956 -0.238602 -0.361814 0.054394 0.070652 0.080675 211.374940 110.635046
0.307353 0.334760 0.524653 0.375871 0.263306 0.337697 0.272115 0.270157 -0.240303 -0.202129 -0.209470 -0.236877 -0.359231 0.052857 0.081488 0.070721 211.210173 110.905828
0.317907 0.339426 0.522345 0.380510 0.266063 0.340405 0.265085 0.268020 -0.235740 -0.132053 -0.258238 -0.241120 -0.335514 0.062603 0.082167 0.075564 211.167166 111.003729
0.317837 0.339026 0.522665 0.380395 0.266377 0.340035 0.269404 0.268395 -0.235603 -0.132180 -0.258305 -0.241152 -0.334990 0.062558 0.084756 0.077189 210.963408 111.073755
0.303129 0.332464 0.522164 0.373533 0.263038 0.335397 0.267927 0.266949 -0.247392 -0.220502 -0.206323 -0.234680 -0.352998 0.052559 0.080182 0.074071 210.886508 111.127421
0.308313 0.334740 0.524621 0.375848 0.264268 0.336697 0.272098 0.268183 -0.250565 -0.159540 -0.250076 -0.233437 -0.327888 0.040619 0.085398 0.073897 210.729888 111.151538
0.308183 0.334599 0.524400 0.375690 0.264157 0.336555 0.271984 0.268070 -0.250460 -0.159962 -0.250460 -0.233339 -0.327750 0.040602 0.085362 0.073866 210.714724 111.168813
0.304878 0.331094 0.520429 0.372845 0.261186 0.334978 0.269924 0.268953 -0.248078 -0.221862 -0.207298 -0.235455 -0.355368 0.052795 0.078890 0.073064 210.617270 111.243923
0.307689 0.334063 0.523560 0.375088 0.262757 0.336993 0.271548 0.271548 -0.252012 -0.175822 -0.241756 -0.235895 -0.334063 0.092551 0.047130 0.075701 210.552331 111.322503
0.305559 0.331834 0.519646 0.372705 0.261769 0.334753 0.264688 0.265662 -0.249119 -0.200949 -0.235008 -0.227223 -0.346430 0.083932 0.081742 0.073714 210.367872 111.587159
0.306910 0.331345 0.519987 0.372397 0.261948 0.334277 0.264881 0.265858 -0.249242 -0.200860 -0.235069 -0.227250 -0.346006 0.083814 0.081614 0.073551 210.345769 111.595776
0.306131 0.332539 0.520325 0.371661 0.262119 0.334495 0.263097 0.264075 -0.249404 -0.196589 -0.240113 -0.227398 -0.338407 0.083868 0.081912 0.073599 210.309188 111.617845
0.305821 0.332118 0.520091 0.372050 0.261993 0.334066 0.262967 0.263941 -0.251280 -0.196739 -0.240080 -0.227418 -0.337962 0.083760 0.080838 0.073777 210.235023 111.621324
0.305205 0.327561 0.517099 0.376160 0.257577 0.336309 0.263409 0.264381 -0.248344 -0.198286 -0.248830 -0.221614 -0.337281 0.082862 0.080432 0.073385 210.156760 111.842107
0.306360 0.330830 0.516799 0.370960 0.260357 0.332787 0.262315 0.263294 -0.250080 -0.200651 -0.246654 -0.223163 -0.336703 0.083442 0.080995 0.075367 209.943718 111.845780
0.306208 0.330666 0.516543 0.370776 0.260228 0.332623 0.262185 0.263163 -0.250445 -0.200552 -0.247021 -0.223542 -0.336536 0.083400 0.080954 0.075329 209.894252 111.862084
0.306115 0.330565 0.516386 0.370664 0.260149 0.332521 0.262105 0.265039 -0.251347 -0.200980 -0.246946 -0.223474 -0.336433 0.083375 0.080930 0.075306 209.889864 111.881551
0.306109 0.330559 0.516376 0.370656 0.260144 0.332515 0.265034 0.266012 -0.251342 -0.200976 -0.246941 -0.223469 -0.336426 0.083373 0.080928 0.075305 209.866911 111.903288
0.305942 0.330378 0.516094 0.370454 0.260002 0.332333 0.264889 0.265866 -0.249738 -0.198911 -0.249738 -0.222370 -0.338198 0.083083 0.081861 0.074775 209.816371 111.923759
0.305398 0.327911 0.518785 0.370002 0.257435 0.334763 0.261350 0.264287 -0.250094 -0.199683 -0.250583 -0.223176 -0.331827 0.079531 0.080999 0.073413 209.758701 111.945297
0.305323 0.327831 0.518658 0.369911 0.257372 0.334681 0.261286 0.264222 -0.250522 -0.199635 -0.250522 -0.223610 -0.331746 0.079511 0.080979 0.075842 209.718376 111.971412
0.305091 0.327438 0.518849 0.369218 0.257481 0.334240 0.261368 0.264283 -0.249708 -0.199669 -0.250680 -0.222988 -0.336183 0.083317 0.080888 0.073358 209.678044 111.973119
0.309121 0.323841 0.522072 0.368002 0.259073 0.333655 0.263980 0.264961 -0.249260 -0.199212 -0.249750 -0.222273 -0.338561 0.083168 0.081942 0.073600 209.666431 111.990120
0.305189 0.327687 0.518430 0.369748 0.257258 0.334534 0.265084 0.266062 -0.249922 -0.199546 -0.250411 -0.223023 -0.336490 0.083389 0.080943 0.073852 209.617390 111.997209
0.305368 0.327736 0.519320 0.369554 0.257715 0.334543 0.261605 0.264523 -0.251880 -0.199851 -0.250907 -0.228053 -0.317038 0.076099 0.080961 0.074397 209.554908 112.018239
0.308759 0.323462 0.521460 0.368550 0.258769 0.333264 0.268571 0.267591 -0.252888 -0.197998 -0.248968 -0.224463 -0.338165 0.083806 0.080375 0.074249 209.551377 112.031374
0.308668 0.323367 0.521307 0.368442 0.258693 0.333166 0.268492 0.266533 -0.252814 -0.200389 -0.248405 -0.223417 -0.338065 0.083781 0.081822 0.073003 209.520995 112.037055
0.309132 0.323806 0.520437 0.368806 0.258262 0.333588 0.269023 0.269023 -0.252392 -0.198099 -0.247990 -0.226957 -0.337501 0.083642 0.081685 0.072881 209.518379 112.049703
0.309129 0.323803 0.520433 0.368803 0.258260 0.333586 0.269021 0.269021 -0.252390 -0.198097 -0.247988 -0.226956 -0.337499 0.083641 0.080462 0.074348 209.505175 112.055324
0.307430 0.322116 0.520868 0.370091 0.258476 0.333865 0.265330 0.266309 -0.252602 -0.199731 -0.250643 -0.223229 -0.334844 0.083956 0.080529 0.073920 209.475324 112.066914
0.308903 0.323566 0.520051 0.368533 0.258071 0.333341 0.268824 0.268824 -0.252205 -0.199907 -0.247806 -0.226789 -0.337251 0.083580 0.081625 0.072827 209.442173 112.077744
0.308494 0.323184 0.521012 0.367255 0.258547 0.332978 0.268341 0.266382 -0.252671 -0.202235 -0.248264 -0.223781 -0.337875 0.083734 0.080306 0.074185 209.379017 112.081576
0.308187 0.322863 0.520494 0.367868 0.258290 0.332646 0.268074 0.266117 -0.252420 -0.202523 -0.248506 -0.224047 -0.337538 0.083651 0.080226 0.073622 209.366019 112.091830
0.308191 0.322867 0.520501 0.367873 0.258294 0.332651 0.268077 0.266121 -0.252423 -0.202526 -0.248510 -0.224050 -0.337543 0.083896 0.080472 0.074357 209.361903 112.100214
0.307055 0.321723 0.520233 0.369639 0.258161 0.333458 0.265006 0.265984 -0.252293 -0.198510 -0.249849 -0.227846 -0.334435 0.084587 0.079453 0.074319 209.317619 112.100719
0.307046 0.321714 0.520219 0.369629 0.258154 0.333448 0.264999 0.265976 -0.252287 -0.198505 -0.249842 -0.227840 -0.334426 0.083851 0.080429 0.074317 209.313150 112.102428
0.307186 0.321861 0.522412 0.366862 0.257293 0.333600 0.269032 0.266097 -0.253380 -0.200062 -0.247999 -0.226965 -0.337513 0.083645 0.081688 0.072883 209.270096 112.102983
0.307276 0.321955 0.522565 0.366970 0.257368 0.333698 0.269111 0.266175 -0.253454 -0.200121 -0.248072 -0.227521 -0.334676 0.083180 0.081467 0.073883 209.269733 112.115500
0.309565 0.324260 0.519208 0.370303 0.257645 0.335036 0.262543 0.264502 -0.251767 -0.200336 -0.250787 -0.228745 -0.320341 0.084004 0.082290 0.074942 209.250429 112.125500
0.308295 0.322976 0.518719 0.367997 0.257402 0.332763 0.264253 0.266210 -0.253487 -0.202105 -0.248104 -0.228041 -0.335699 0.083435 0.081723 0.075361 209.221897 112.130060
0.307191 0.321866 0.522421 0.365891 0.258276 0.333606 0.265124 0.266102 -0.252406 -0.198598 -0.249960 -0.227948 -0.334584 0.083157 0.081934 0.074597 209.175249 112.130363
0.307192 0.321866 0.522421 0.365891 0.258276 0.333606 0.265124 0.266102 -0.252406 -0.198598 -0.249960 -0.227948 -0.334585 0.083157 0.081934 0.075575 209.170415 112.138122
0.308423 0.323063 0.519244 0.367960 0.257670 0.332823 0.264502 0.265478 -0.251814 -0.202036 -0.247910 -0.231317 -0.327943 0.082230 0.081986 0.076130 209.151804 112.165379
0.308362 0.323046 0.518831 0.368076 0.257458 0.332835 0.264310 0.265289 -0.251584 -0.202148 -0.248158 -0.231516 -0.327940 0.082230 0.081985 0.074643 209.122530 112.165467
0.308362 0.323046 0.518831 0.368076 0.257458 0.332835 0.264310 0.265289 -0.251584 -0.202148 -0.248158 -0.231516 -0.327940 0.082230 0.081985 0.076112 209.113465 112.175471
0.308964 0.322652 0.520155 0.367628 0.258122 0.333407 0.264966 0.265944 -0.251278 -0.200924 -0.252255 -0.229279 -0.318741 0.076508 0.081396 0.073819 209.072461 112.188610
0.308972 0.322660 0.520168 0.367637 0.258128 0.332438 0.267906 0.265950 -0.251284 -0.200929 -0.252262 -0.229284 -0.318749 0.076510 0.081398 0.073821 209.046561 112.205547
0.308972 0.322660 0.520168 0.367637 0.258128 0.332438 0.267906 0.265950 -0.251284 -0.200929 -0.252262 -0.229284 -0.318749 0.076510 0.081398 0.074799 209.039109 112.213555
0.307640 0.322290 0.519571 0.367215 0.257832 0.332056 0.267598 0.265645 -0.251972 -0.198745 -0.255879 -0.222673 -0.334010 0.084235 0.081305 0.074713 208.982780 112.221215
0.307752 0.322407 0.519759 0.366372 0.257926 0.332177 0.267696 0.265742 -0.252064 -0.198818 -0.255972 -0.222754 -0.334131 0.084021 0.081579 0.074496 208.920488 112.227239
0.308293 0.322973 0.518715 0.367015 0.253485 0.335697 0.266208 0.266208 -0.252506 -0.200146 -0.250549 -0.229507 -0.335697 0.084413 0.081722 0.077073 208.861142 112.234582
0.307755 0.322457 0.519460 0.366562 0.253849 0.335198 0.266591 0.266591 -0.252869 -0.199943 -0.250909 -0.229346 -0.335198 0.084290 0.081594 0.075224 208.849190 112.236015
0.307450 0.322137 0.518944 0.367178 0.253597 0.335845 0.266326 0.266326 -0.252618 -0.200234 -0.250660 -0.229608 -0.335845 0.083472 0.081758 0.075394 208.799339 112.237184
0.307401 0.322039 0.519165 0.365953 0.257631 0.331797 0.267390 0.265438 -0.252752 -0.199078 -0.256655 -0.222987 -0.334725 0.084169 0.081486 0.074654 208.783034 112.257916
0.307876 0.322491 0.518324 0.367308 0.257213 0.332234 0.267930 0.267930 -0.251367 -0.198269 -0.255265 -0.226036 -0.333208 0.084033 0.081110 0.074533 208.781737 112.262385
0.294222 0.329529 0.508024 0.369739 0.254993 0.331491 0.265781 0.261858 -0.227532 -0.200071 -0.249108 -0.245185 -0.340317 0.082382 0.081402 0.074291 208.700111 112.285330
0.295159 0.329366 0.508220 0.369437 0.255088 0.331321 0.265838 0.261929 -0.227233 -0.199867 -0.249223 -0.245314 -0.340117 0.082341 0.081364 0.074278 208.660649 112.291432
0.293869 0.329133 0.507414 0.369296 0.254687 0.331093 0.265462 0.261544 -0.227259 -0.199831 -0.248809 -0.244891 -0.346766 0.083998 0.081794 0.073712 208.648170 112.295254
0.293006 0.328285 0.507617 0.368463 0.254788 0.330245 0.265568 0.261648 -0.226860 -0.199421 -0.248419 -0.244499 -0.353764 0.085991 0.084276 0.078886 208.608932 112.359440
0.293477 0.328694 0.506736 0.368802 0.254346 0.330650 0.265107 0.261194 -0.226955 -0.199564 -0.248477 -0.244564 -0.354128 0.086086 0.084375 0.078994 208.588381 112.362412
0.301241 0.322758 0.518368 0.362858 0.257228 0.331560 0.261140 0.264075 -0.224463 -0.164802 -0.284614 -0.228376 -0.343297 0.084846 0.082890 0.073354 208.575671 112.410579
0.303133 0.322690 0.518260 0.362782 0.257174 0.331491 0.261086 0.264019 -0.224416 -0.164767 -0.284554 -0.228328 -0.343225 0.084828 0.082873 0.073339 208.494217 112.416054
0.296774 0.321180 0.521307 0.366086 0.256748 0.332894 0.260653 0.261630 -0.230878 -0.125446 -0.320203 -0.221116 -0.325085 0.085908 0.082003 0.072729 208.487531 112.457499
0.296512 0.320977 0.520608 0.365992 0.256390 0.332720 0.260304 0.261283 -0.230947 -0.125259 -0.319998 -0.221161 -0.327827 0.082201 0.081957 0.076085 208.361419 112.476357
0.296566 0.321847 0.517289 0.366575 0.257672 0.331570 0.260589 0.261561 -0.230932 -0.125433 -0.319902 -0.225098 -0.325736 0.086539 0.082163 0.087754 208.356623 112.652038
0.298463 0.328799 0.506898 0.368920 0.256385 0.327820 0.265192 0.263235 -0.228985 -0.126235 -0.321949 -0.226539 -0.327820 0.087093 0.082689 0.088316 208.215354 112.731810
0.298052 0.328346 0.506200 0.368412 0.256032 0.327369 0.264827 0.262872 -0.228669 -0.126061 -0.323460 -0.227204 -0.327369 0.086973 0.082575 0.088194 207.940044 112.783167
0.302895 0.316619 0.515608 0.365631 0.256824 0.328382 0.265646 0.263686 -0.229377 -0.126451 -0.322500 -0.226926 -0.328382 0.087242 0.082831 0.088957 207.845398 112.931234
0.302504 0.316209 0.514942 0.366137 0.257471 0.328936 0.268240 0.265303 -0.232017 -0.127267 -0.321104 -0.228591 -0.325999 0.086150 0.081989 0.088597 207.636302 112.949977
0.302111 0.318732 0.512317 0.368595 0.258114 0.329486 0.261047 0.260069 -0.228294 -0.127102 -0.299178 -0.320687 -0.182342 0.061107 0.082127 0.074794 207.447091 113.183872
0.304973 0.320613 0.506333 0.368509 0.259032 0.330387 0.261964 0.260986 -0.228730 -0.127561 -0.300086 -0.321590 -0.192563 0.082108 0.079909 0.073311 206.872979 113.302818
0.296437 0.321874 0.504823 0.361985 0.254368 0.324809 0.263173 0.264152 -0.239693 -0.136967 -0.332635 -0.228442 -0.305242 0.083403 0.082180 0.090496 206.662544 113.322072
0.295463 0.321879 0.504831 0.361013 0.254372 0.324814 0.263177 0.261221 -0.240186 -0.131099 -0.333619 -0.233337 -0.306225 0.085851 0.080225 0.091721 206.521012 113.326079
0.297294 0.315754 0.507149 0.368218 0.258432 0.324498 0.257461 0.258432 -0.227343 -0.161277 -0.278835 -0.331299 -0.178765 0.075295 0.080639 0.074566 206.426975 113.455922
0.297741 0.315931 0.515063 0.359970 0.253702 0.328377 0.259446 0.257531 -0.234076 -0.160838 -0.278594 -0.330291 -0.179027 0.084248 0.079940 0.072760 206.285497 113.493313
0.295192 0.325195 0.499406 0.364876 0.253574 0.324227 0.261317 0.258414 -0.236153 -0.162113 -0.280674 -0.332937 -0.181470 0.086622 0.080089 0.072346 206.256415 113.541004
0.291336 0.322725 0.502235 0.362943 0.250137 0.325668 0.262889 0.261908 -0.239837 -0.157929 -0.282507 -0.329592 -0.194714 0.077493 0.082398 0.075041 206.061395 113.581219
0.299137 0.317710 0.510292 0.357791 0.253191 0.326508 0.259056 0.260034 -0.228751 -0.162277 -0.280563 -0.333351 -0.179873 0.075762 0.081872 0.074540 206.034438 113.620996
0.299312 0.317657 0.509796 0.358209 0.252967 0.326347 0.259726 0.260691 -0.228829 -0.162208 -0.280967 -0.333105 -0.180070 0.075794 0.081104 0.075069 205.984787 113.636406
0.293241 0.320611 0.502420 0.359709 0.253165 0.322565 0.260007 0.259030 -0.238014 -0.163238 -0.282489 -0.335273 -0.182298 0.087484 0.081130 0.074288 205.746181 113.736400
0.292139 0.323405 0.498298 0.360533 0.249638 0.323405 0.258920 0.259897 -0.240355 -0.157306 -0.297025 -0.319497 -0.191014 0.076210 0.082073 0.074500 205.624953 113.757325
0.294124 0.323439 0.498349 0.360570 0.249663 0.323439 0.258946 0.259923 -0.240380 -0.157322 -0.297055 -0.319530 -0.191034 0.083547 0.082081 0.074508 205.589371 113.775018
0.294181 0.320569 0.502355 0.356731 0.252155 0.322524 0.261928 0.260951 -0.238472 -0.163705 -0.283430 -0.336206 -0.183252 0.087472 0.080875 0.074034 205.481861 113.819409
0.294293 0.319713 0.502546 0.356866 0.252251 0.322646 0.260072 0.261050 -0.238563 -0.163767 -0.283538 -0.336334 -0.183322 0.087506 0.080417 0.074306 205.422926 113.826535
0.294448 0.320860 0.498899 0.360968 0.249449 0.323795 0.261188 0.260210 -0.239178 -0.163854 -0.283688 -0.336512 -0.182930 0.085595 0.081927 0.076058 205.408989 113.841274
0.294605 0.320052 0.501122 0.357245 0.252518 0.322989 0.260348 0.261327 -0.238326 -0.163941 -0.283838 -0.336691 -0.183516 0.087598 0.080992 0.074141 205.307050 113.841915
0.294808 0.322232 0.503426 0.351615 0.250734 0.324191 0.261507 0.262487 -0.238980 -0.164544 -0.283055 -0.337903 -0.183153 0.086190 0.081782 0.074437 205.298235 113.859172
0.294284 0.321659 0.504486 0.350989 0.249799 0.323614 0.262998 0.261042 -0.240022 -0.164251 -0.284507 -0.336324 -0.183316 0.087258 0.078215 0.076015 205.250456 113.880534
0.294521 0.321918 0.502936 0.351272 0.250000 0.323875 0.261253 0.262231 -0.239237 -0.164384 -0.284736 -0.337574 -0.182975 0.086106 0.081703 0.074364 205.148624 113.900337
0.295659 0.320134 0.503207 0.351462 0.250625 0.324050 0.261394 0.262373 -0.239366 -0.164472 -0.284890 -0.337756 -0.183073 0.086152 0.081747 0.074404 204.972052 113.925768
0.294600 0.320048 0.503072 0.351367 0.250557 0.323962 0.259366 0.261323 -0.240770 -0.164917 -0.297537 -0.320048 -0.182535 0.078054 0.083682 0.075118 204.850420 113.975280
0.295597 0.320066 0.503101 0.351388 0.250083 0.323982 0.261339 0.261339 -0.239805 -0.164927 -0.297554 -0.320066 -0.182546 0.077814 0.083687 0.075123 204.830279 113.984769
0.294383 0.320790 0.502701 0.349152 0.248906 0.322746 0.262109 0.260153 -0.240103 -0.170664 -0.296339 -0.316878 -0.189246 0.085821 0.078975 0.071884 204.701623 114.008073
0.294367 0.320772 0.502674 0.349133 0.248892 0.322728 0.262094 0.260138 -0.240090 -0.170655 -0.296323 -0.316860 -0.189236 0.084594 0.078971 0.074814 204.676762 114.022025
0.294371 0.320776 0.502679 0.349137 0.248895 0.322732 0.262097 0.260141 -0.240093 -0.170657 -0.296326 -0.316864 -0.189238 0.084839 0.078971 0.075060 204.668628 114.023655
0.293875 0.320324 0.501546 0.349711 0.249304 0.322283 0.261549 0.259589 -0.239998 -0.170937 -0.296814 -0.317385 -0.189549 0.085958 0.079101 0.071999 204.492840 114.034916
0.294304 0.318667 0.500902 0.349852 0.249476 0.322565 0.264094 0.264094 -0.245578 -0.159334 -0.301126 -0.324514 -0.185158 0.077961 0.083078 0.075769 204.230632 114.097716
0.294305 0.318749 0.500612 0.350037 0.249328 0.322660 0.263995 0.263995 -0.245417 -0.159375 -0.301150 -0.324616 -0.185285 0.077976 0.083109 0.076265 204.215822 114.101806
0.294824 0.322250 0.503454 0.339880 0.250258 0.321270 0.265440 0.265440 -0.247319 -0.157697 -0.302660 -0.326168 -0.186591 0.083501 0.081787 0.075420 204.087373 114.111391
0.294392 0.324229 0.502257 0.339148 0.249139 0.321246 0.265550 0.265550 -0.246156 -0.160125 -0.302349 -0.325224 -0.185984 0.078322 0.083295 0.075587 204.062579 114.114764
0.294551 0.321952 0.502988 0.339566 0.249537 0.320973 0.265194 0.265194 -0.246601 -0.159997 -0.302380 -0.325866 -0.185929 0.078286 0.083424 0.075595 203.989944 114.142770
0.286509 0.317588 0.503090 0.346725 0.247175 0.322444 0.259315 0.256401 -0.249603 -0.168021 -0.297192 -0.326329 -0.181132 0.076241 0.081339 0.074055 203.612483 114.151717
0.291992 0.321288 0.501952 0.338866 0.249511 0.320312 0.264648 0.264648 -0.246582 -0.159668 -0.301757 -0.326171 -0.196777 0.081299 0.083252 0.075439 203.527752 114.177458
0.290829 0.322164 0.501361 0.336852 0.249701 0.317268 0.254598 0.254598 -0.250681 -0.157165 -0.305517 -0.325102 -0.196824 0.086661 0.045044 0.118731 203.338188 114.200618
0.290645 0.323918 0.503003 0.332725 0.248076 0.319025 0.255416 0.255416 -0.250523 -0.160002 -0.306303 -0.320982 -0.198167 0.082692 0.046361 0.118656 203.325098 114.203220
0.290590 0.323969 0.502642 0.332804 0.247885 0.319060 0.255248 0.255248 -0.252303 -0.160021 -0.306298 -0.321024 -0.197817 0.082710 0.046386 0.119034 203.235540 114.204612
0.288243 0.319510 0.506134 0.335143 0.246716 0.324395 0.260884 0.257953 -0.251113 -0.169037 -0.300945 -0.324395 -0.182228 0.076702 0.081099 0.075725 203.226128 114.239104
0.288101 0.319352 0.505885 0.334978 0.246595 0.324235 0.260756 0.257826 -0.250989 -0.168954 -0.298843 -0.328142 -0.182138 0.076664 0.081547 0.075443 203.160937 114.242689
0.290409 0.321699 0.500638 0.336366 0.249341 0.316810 0.254230 0.254230 -0.251297 -0.156938 -0.307032 -0.326588 -0.194095 0.086536 0.044979 0.118559 203.102850 114.254339
0.290430 0.321722 0.500674 0.336390 0.249359 0.317811 0.254249 0.254249 -0.250337 -0.156950 -0.307054 -0.326612 -0.194109 0.086542 0.044982 0.118568 203.075145 114.255124
0.290613 0.321924 0.500010 0.336602 0.249027 0.317032 0.254408 0.254408 -0.250494 -0.157048 -0.307247 -0.326817 -0.194231 0.086597 0.045011 0.118642 203.070267 114.264826
0.290686 0.321027 0.500137 0.336687 0.249090 0.317112 0.253494 0.255452 -0.250558 -0.159535 -0.304389 -0.327879 -0.196727 0.088576 0.046246 0.118672 203.041738 114.277390
0.291099 0.322464 0.499868 0.334225 0.247483 0.317563 0.253854 0.253854 -0.250914 -0.173483 -0.296980 -0.324424 -0.198967 0.081106 0.078656 0.103649 203.011421 114.299068
0.289142 0.321269 0.498454 0.335872 0.248740 0.315428 0.254095 0.253121 -0.250200 -0.173291 -0.298878 -0.324190 -0.198603 0.081047 0.078370 0.103196 202.904653 114.342535
0.289645 0.320958 0.499050 0.334657 0.249036 0.315087 0.254418 0.253439 -0.250504 -0.173200 -0.299430 -0.323893 -0.198642 0.080973 0.078527 0.103480 202.849189 114.360160
0.290772 0.321996 0.498606 0.333705 0.246863 0.317117 0.253694 0.255645 -0.250766 -0.173683 -0.299554 -0.324923 -0.196613 0.080499 0.078547 0.103429 202.825378 114.383921
0.290549 0.321854 0.497944 0.334571 0.247994 0.315984 0.253374 0.255331 -0.249950 -0.174134 -0.298375 -0.327723 -0.193210 0.080708 0.078507 0.102719 202.802346 114.385557
0.290657 0.321868 0.498408 0.333573 0.246766 0.316992 0.253593 0.255544 -0.250667 -0.178491 -0.296509 -0.325770 -0.194584 0.080467 0.078029 0.102657 202.776672 114.398550
0.290547 0.321747 0.498220 0.333447 0.246673 0.316872 0.253497 0.255447 -0.250572 -0.173548 -0.300297 -0.325647 -0.195973 0.080680 0.078730 0.103105 202.712097 114.412092
0.291347 0.319700 0.498614 0.334365 0.246863 0.316767 0.255173 0.254196 -0.250285 -0.173537 -0.300146 -0.324588 -0.199446 0.080414 0.078703 0.103389 202.609305 114.430454
0.291463 0.319827 0.498813 0.333520 0.246961 0.316893 0.253319 0.255275 -0.250384 -0.173606 -0.300266 -0.324717 -0.199525 0.080690 0.078734 0.103186 202.602653 114.432647
0.291313 0.319662 0.498556 0.334326 0.246834 0.316729 0.255143 0.254166 -0.251233 -0.173517 -0.300111 -0.324550 -0.199422 0.080404 0.078694 0.103377 202.578166 114.433508
0.291294 0.319641 0.498523 0.334304 0.246818 0.316709 0.255126 0.254149 -0.250239 -0.173994 -0.300091 -0.324529 -0.199409 0.080399 0.078933 0.103370 202.577675 114.437925
0.291205 0.319544 0.498371 0.334202 0.246743 0.316612 0.255049 0.254072 -0.251140 -0.174430 -0.300000 -0.324430 -0.199348 0.080375 0.078664 0.103583 202.526156 114.447840
0.290387 0.321674 0.493755 0.339273 0.245411 0.315808 0.257144 0.252255 -0.250300 -0.173548 -0.301142 -0.326563 -0.193591 0.080663 0.078463 0.103395 202.499050 114.450838
0.290634 0.321948 0.496133 0.334670 0.245620 0.317056 0.256384 0.253449 -0.250513 -0.173696 -0.300420 -0.326841 -0.196692 0.081221 0.079019 0.103728 202.473117 114.451770
0.290605 0.321916 0.496083 0.334636 0.245595 0.316045 0.257337 0.253423 -0.251466 -0.173678 -0.301368 -0.326808 -0.193737 0.080724 0.078522 0.103473 202.438127 114.472174
0.290533 0.321836 0.495961 0.334553 0.245535 0.315967 0.256295 0.253361 -0.251404 -0.174613 -0.301294 -0.325749 -0.195645 0.082416 0.078503 0.103203 202.423752 114.475959
0.290534 0.321837 0.495962 0.334554 0.245535 0.315968 0.256296 0.253361 -0.251405 -0.174614 -0.301294 -0.325750 -0.195646 0.082416 0.078747 0.103937 202.417396 114.480156
0.292005 0.319442 0.496801 0.335120 0.245951 0.316502 0.255750 0.255750 -0.250850 -0.173929 -0.300824 -0.326301 -0.197447 0.081575 0.078881 0.103378 202.386399 114.501759
0.290920 0.319231 0.497884 0.333875 0.246501 0.316303 0.254799 0.254799 -0.251871 -0.174259 -0.300683 -0.327041 -0.195248 0.082248 0.078099 0.102994 202.321424 114.503046
0.290613 0.319967 0.497075 0.333666 0.246091 0.316053 0.255387 0.255387 -0.252451 -0.173683 -0.302354 -0.325838 -0.195209 0.080236 0.078524 0.103476 202.292460 114.515364
0.290484 0.318848 0.497833 0.333518 0.246471 0.315913 0.254296 0.255274 -0.251361 -0.174584 -0.301242 -0.325694 -0.198546 0.082402 0.078734 0.103674 202.258481 114.519843
0.291547 0.319919 0.496021 0.334594 0.245565 0.316006 0.257305 0.255348 -0.251435 -0.174635 -0.301330 -0.326767 -0.196158 0.081692 0.078268 0.102971 202.247853 114.531996
0.290619 0.318996 0.497086 0.333674 0.246097 0.316060 0.254414 0.255392 -0.252457 -0.174665 -0.301383 -0.325846 -0.198639 0.082440 0.078770 0.103723 202.215517 114.535642
0.291410 0.319769 0.495788 0.333459 0.245449 0.315857 0.255228 0.255228 -0.251317 -0.175530 -0.299233 -0.328570 -0.200467 0.081898 0.078964 0.103656 202.192883 114.536770
0.290674 0.320035 0.496202 0.333737 0.245654 0.316121 0.255441 0.255441 -0.252505 -0.174698 -0.302419 -0.325908 -0.195251 0.080254 0.078541 0.103742 202.181109 114.542391
0.290622 0.318999 0.497090 0.333677 0.246099 0.316063 0.254416 0.255395 -0.252459 -0.174666 -0.302364 -0.325848 -0.195215 0.080728 0.078771 0.103234 202.169658 114.545741
0.290808 0.319204 0.496431 0.333891 0.245767 0.316266 0.254580 0.255559 -0.252621 -0.174779 -0.302558 -0.326058 -0.194851 0.080291 0.078577 0.103056 202.136283 114.554816
0.291317 0.319667 0.494653 0.335308 0.245371 0.315757 0.255147 0.255147 -0.252214 -0.175963 -0.301093 -0.327488 -0.195515 0.082361 0.078450 0.103134 202.109921 114.565532
0.291428 0.319788 0.494840 0.334457 0.245464 0.315876 0.254266 0.255244 -0.252310 -0.176030 -0.301207 -0.327612 -0.195589 0.082392 0.078236 0.103173 202.073711 114.568487
0.291428 0.319789 0.494841 0.334458 0.245465 0.315877 0.254266 0.255244 -0.252310 -0.176030 -0.301208 -0.327612 -0.195589 0.082392 0.078480 0.103173 202.067728 114.569429
0.291375 0.318753 0.495729 0.334397 0.245420 0.315819 0.255198 0.255198 -0.252264 -0.175021 -0.302131 -0.326575 -0.197020 0.081399 0.079199 0.103888 202.058051 114.581010
0.291379 0.318757 0.495736 0.334402 0.245912 0.314846 0.258135 0.253246 -0.251290 -0.175023 -0.302135 -0.327557 -0.195068 0.081400 0.078223 0.102912 201.992677 114.581332
0.291068 0.318509 0.495893 0.334189 0.245987 0.314589 0.258727 0.253827 -0.251867 -0.174935 -0.301848 -0.327329 -0.196985 0.081342 0.079137 0.103883 201.988327 114.590813
0.291472 0.319837 0.495894 0.332552 0.245013 0.315924 0.257239 0.255283 -0.252348 -0.176057 -0.304187 -0.324727 -0.194152 0.081671 0.078248 0.102944 201.953000 114.606223
0.291642 0.320023 0.495204 0.332746 0.244666 0.316109 0.257389 0.255432 -0.252496 -0.176160 -0.304365 -0.324917 -0.194265 0.081719 0.078293 0.103004 201.887445 114.619131
0.291575 0.318972 0.496070 0.332670 0.245100 0.316037 0.257330 0.255373 -0.252438 -0.176119 -0.304295 -0.324842 -0.194221 0.081211 0.079254 0.102981 201.873340 114.628253
0.291137 0.318493 0.494347 0.335101 0.245220 0.314585 0.257920 0.254012 -0.252059 -0.176343 -0.301884 -0.328262 -0.194906 0.081333 0.079135 0.103070 201.828867 114.628668
0.291246 0.318612 0.494532 0.334249 0.245311 0.314702 0.258017 0.254107 -0.252153 -0.176409 -0.301997 -0.328385 -0.194979 0.081363 0.079164 0.103353 201.784193 114.637043
0.290845 0.319244 0.496494 0.330016 0.245309 0.315327 0.254612 0.254612 -0.252654 -0.177249 -0.303576 -0.326099 -0.195366 0.080546 0.078587 0.104293 201.749001 114.642262
0.290231 0.318570 0.494467 0.333228 0.244790 0.315638 0.256028 0.254074 -0.255051 -0.176874 -0.302934 -0.325410 -0.199350 0.081352 0.078665 0.103095 201.737082 114.643160
0.290533 0.318901 0.494981 0.332596 0.245045 0.314988 0.254338 0.254338 -0.255317 -0.177548 -0.303250 -0.325749 -0.194667 0.080459 0.078747 0.103447 201.731425 114.647858
0.290659 0.319040 0.494218 0.333719 0.244662 0.315125 0.255428 0.254449 -0.254449 -0.177136 -0.302403 -0.328826 -0.191815 0.081473 0.079026 0.103982 201.705406 114.662879
0.290255 0.319574 0.493531 0.332278 0.244322 0.314687 0.255073 0.254095 -0.255073 -0.178355 -0.302960 -0.325437 -0.199367 0.081359 0.078916 0.103837 201.681053 114.665471
0.290663 0.318065 0.495203 0.332745 0.245644 0.314151 0.258367 0.254452 -0.255431 -0.178606 -0.302407 -0.325895 -0.195243 0.082697 0.078293 0.102760 201.650510 114.675530
0.290072 0.318395 0.494196 0.333045 0.244656 0.314488 0.255888 0.253935 -0.254911 -0.178243 -0.302768 -0.326209 -0.197288 0.081308 0.078622 0.103771 201.642540 114.677084
0.290607 0.318004 0.494130 0.333660 0.245108 0.314091 0.258317 0.254404 -0.254404 -0.178572 -0.303327 -0.325832 -0.194717 0.080480 0.078033 0.103229 201.592337 114.690377
0.290518 0.317907 0.494956 0.332579 0.245522 0.313994 0.258238 0.254325 -0.255303 -0.178517 -0.303234 -0.325732 -0.195146 0.082656 0.078254 0.102953 201.578245 114.695000
0.290742 0.318152 0.493381 0.333815 0.244733 0.314237 0.258438 0.254522 -0.255501 -0.178655 -0.303468 -0.325984 -0.194807 0.080517 0.078070 0.102788 201.514967 114.705624
0.290928 0.318264 0.493016 0.333884 0.244556 0.314359 0.255783 0.254806 -0.255783 -0.178657 -0.303620 -0.326074 -0.194766 0.080542 0.078102 0.102752 201.494564 114.705637
0.290033 0.318353 0.493153 0.332024 0.244135 0.314446 0.253901 0.254877 -0.255854 -0.178707 -0.303704 -0.326165 -0.198238 0.078367 0.078856 0.103758 201.465763 114.716195
0.290333 0.317705 0.493664 0.333345 0.244877 0.313794 0.258074 0.254164 -0.254164 -0.178403 -0.304019 -0.326502 -0.195022 0.080648 0.078204 0.102887 201.419759 114.720337
0.290225 0.317587 0.494458 0.332245 0.245275 0.313678 0.257978 0.254069 -0.255047 -0.177360 -0.302929 -0.329313 -0.193972 0.081351 0.078908 0.103826 201.409524 114.725928
0.289499 0.318840 0.494887 0.329599 0.245488 0.313950 0.258202 0.254290 -0.255268 -0.177514 -0.303192 -0.329599 -0.194141 0.081422 0.078977 0.104406 201.351127 114.727182
0.291195 0.316687 0.501993 0.320609 0.246584 0.316687 0.255899 0.255899 -0.256879 -0.179914 -0.301980 -0.327472 -0.196581 0.080888 0.078436 0.103683 201.325947 114.739943
0.289668 0.319026 0.494197 0.329791 0.245141 0.314133 0.258353 0.254438 -0.255417 -0.177617 -0.303369 -0.329791 -0.194254 0.081469 0.079023 0.104466 201.304726 114.740036
0.291607 0.317049 0.501016 0.320963 0.245126 0.316071 0.256379 0.255401 -0.256379 -0.179074 -0.304328 -0.326835 -0.195220 0.078528 0.078528 0.103237 201.295217 114.763906
0.291720 0.317173 0.501211 0.321088 0.245711 0.316194 0.256479 0.255500 -0.256479 -0.179144 -0.304447 -0.325983 -0.195786 0.082475 0.078804 0.104011 201.269385 114.766950
0.291916 0.316405 0.501546 0.320324 0.245875 0.316405 0.255671 0.255671 -0.256651 -0.179264 -0.304650 -0.326201 -0.195917 0.080816 0.078367 0.103346 201.189514 114.781473
0.291855 0.316340 0.501443 0.320257 0.245335 0.316340 0.255618 0.255618 -0.256598 -0.179227 -0.304587 -0.327113 -0.195386 0.080799 0.078350 0.103080 201.164647 114.792859
0.291752 0.316228 0.501266 0.320144 0.245738 0.316228 0.255528 0.255528 -0.256507 -0.179653 -0.304480 -0.326998 -0.195807 0.080770 0.078323 0.103288 201.124054 114.798397
0.289269 0.318488 0.491854 0.331149 0.243492 0.313618 0.257128 0.253232 -0.257128 -0.175801 -0.305826 -0.329201 -0.199664 0.086440 0.079135 0.104215 201.025729 114.806910
0.291585 0.316047 0.500979 0.318983 0.245108 0.315069 0.258317 0.254403 -0.258317 -0.176615 -0.307241 -0.325832 -0.200587 0.081213 0.079501 0.104697 200.949179 114.841427
0.291250 0.315683 0.500402 0.319593 0.248735 0.311774 0.258997 0.253133 -0.257042 -0.175434 -0.305910 -0.329366 -0.199379 0.082342 0.086007 0.105065 200.845918 114.850564
0.290339 0.318688 0.493674 0.324554 0.246348 0.310868 0.261012 0.253191 -0.259056 -0.175474 -0.305980 -0.334329 -0.191604 0.081383 0.079183 0.104356 200.677960 114.870709
0.290986 0.315398 0.499949 0.319304 0.248998 0.310515 0.260716 0.252904 -0.258763 -0.175275 -0.305633 -0.333950 -0.191387 0.081291 0.079094 0.104237 200.650292 114.881670
0.291709 0.319210 0.495021 0.319210 0.245546 0.315281 0.258314 0.254386 -0.258314 -0.176302 -0.307424 -0.330996 -0.200366 0.086678 0.079557 0.104603 200.320976 114.895142
0.291080 0.319502 0.493954 0.325382 0.245507 0.312641 0.255797 0.253837 -0.260698 -0.179352 -0.366545 -0.227375 -0.228356 0.081836 0.044103 0.119078 200.152794 114.911392
0.290513 0.317902 0.494948 0.324749 0.246985 0.311054 0.257256 0.253343 -0.259212 -0.179492 -0.366810 -0.227911 -0.228889 0.081676 0.045851 0.119335 199.932490 114.947843
0.290755 0.318166 0.494382 0.325019 0.246701 0.311314 0.257470 0.253554 -0.259428 -0.179642 -0.367115 -0.227611 -0.228590 0.081744 0.046256 0.119190 199.926348 114.956041
0.290596 0.318971 0.497046 0.317992 0.248034 0.312121 0.258307 0.254394 -0.261243 -0.178565 -0.367892 -0.228465 -0.229444 0.081944 0.046353 0.119614 199.789704 114.980521
0.291951 0.319382 0.495728 0.319382 0.245905 0.312524 0.258641 0.254722 -0.258641 -0.178795 -0.368367 -0.228760 -0.229740 0.082050 0.046413 0.119768 199.690780 114.998476
0.290463 0.318825 0.496819 0.317847 0.247920 0.311979 0.258189 0.254277 -0.260145 -0.179950 -0.367724 -0.228361 -0.229339 0.081907 0.046332 0.119559 199.584547 114.998505
0.295157 0.318613 0.496489 0.317636 0.247756 0.311772 0.258018 0.254109 -0.259973 -0.179831 -0.367480 -0.228209 -0.229186 0.081852 0.045080 0.123634 199.473520 115.023977
0.291498 0.324756 0.486156 0.322800 0.249925 0.305193 0.255305 0.250414 -0.262153 -0.180474 -0.368774 -0.228894 -0.230362 0.088281 0.045975 0.126674 199.368548 115.027332
0.290428 0.323676 0.486980 0.322698 0.250335 0.305096 0.255225 0.250335 -0.264025 -0.180417 -0.368658 -0.228822 -0.230289 0.088253 0.045960 0.126634 199.355803 115.040334
0.291492 0.325727 0.487124 0.320836 0.246496 0.308120 0.255300 0.250409 -0.264103 -0.180471 -0.368766 -0.228889 -0.230357 0.088523 0.046218 0.126672 199.348209 115.040515
0.291288 0.325500 0.486783 0.320612 0.246324 0.307905 0.257076 0.250234 -0.261964 -0.180833 -0.369486 -0.229218 -0.230684 0.088462 0.046064 0.125117 199.270487 115.057190
0.291964 0.325275 0.486932 0.320376 0.246405 0.307639 0.255713 0.250814 -0.262571 -0.180763 -0.369363 -0.229260 -0.230730 0.088422 0.046048 0.126877 199.254399 115.070762
0.295372 0.331560 0.482181 0.319824 0.246959 0.306131 0.255272 0.251360 -0.260163 -0.213216 -0.352100 -0.223974 -0.211260 0.085091 0.045357 0.122257 199.098043 115.078821
0.295508 0.330734 0.482402 0.319970 0.246583 0.307250 0.253432 0.253432 -0.260282 -0.213313 -0.352261 -0.224077 -0.211356 0.085130 0.045378 0.122313 199.072892 115.098543
0.295505 0.330731 0.482398 0.319968 0.246580 0.307247 0.255387 0.251473 -0.260279 -0.213312 -0.352258 -0.224075 -0.211355 0.085129 0.045378 0.122312 199.015627 115.099453
0.295361 0.330569 0.482162 0.319811 0.246460 0.307097 0.253306 0.253306 -0.260152 -0.213207 -0.352086 -0.224944 -0.212229 0.084354 0.045111 0.123230 198.993095 115.107098
0.295199 0.331366 0.481898 0.318659 0.246325 0.306929 0.255123 0.252190 -0.260010 -0.216512 -0.350916 -0.223843 -0.211136 0.084797 0.045086 0.123163 198.930893 115.127022
0.295164 0.330349 0.481840 0.319598 0.246296 0.306892 0.253137 0.253137 -0.259979 -0.216975 -0.350873 -0.223816 -0.211111 0.084786 0.045081 0.123148 198.919396 115.141816
0.295556 0.329809 0.482480 0.319044 0.247112 0.306321 0.255431 0.251516 -0.260324 -0.215795 -0.351340 -0.224114 -0.211391 0.084899 0.045018 0.123556 198.844035 115.145902
0.295432 0.329671 0.482278 0.318910 0.247008 0.305214 0.255324 0.251411 -0.260215 -0.217172 -0.351192 -0.223530 -0.211302 0.084863 0.045122 0.123504 198.829226 115.165145
0.295400 0.327678 0.483203 0.319853 0.246981 0.305181 0.255296 0.250405 -0.260186 -0.217148 -0.351154 -0.223995 -0.210790 0.084854 0.045117 0.123491 198.751364 115.186700
0.295698 0.328009 0.483692 0.317239 0.247231 0.305489 0.255554 0.250658 -0.260449 -0.217367 -0.351509 -0.224221 -0.211003 0.084940 0.045162 0.123616 198.613498 115.208574
0.294262 0.329456 0.480986 0.318702 0.246359 0.306971 0.253202 0.253202 -0.260045 -0.218008 -0.351941 -0.224362 -0.211653 0.085052 0.045215 0.123179 198.476192 115.211093
0.294409 0.329621 0.480249 0.318862 0.246482 0.307125 0.253329 0.251373 -0.260176 -0.218117 -0.352117 -0.224475 -0.211759 0.085095 0.045237 0.123975 198.311727 115.214571
0.292857 0.333015 0.476995 0.318323 0.244864 0.305590 0.254658 0.250741 -0.269350 -0.216460 -0.354563 -0.223806 -0.205686 0.083499 0.042851 0.129778 198.258336 115.267638
0.296033 0.333159 0.476779 0.317527 0.244740 0.304826 0.254021 0.250113 -0.268677 -0.216407 -0.354653 -0.223734 -0.205660 0.083534 0.042866 0.129453 198.010030 115.268388
0.295957 0.333074 0.476658 0.317446 0.244678 0.304748 0.254934 0.251027 -0.268608 -0.216352 -0.354563 -0.223189 -0.209026 0.085222 0.042733 0.128932 197.996919 115.272380
0.295271 0.331447 0.477127 0.317759 0.244919 0.305048 0.253229 0.249318 -0.266917 -0.217054 -0.355890 -0.222920 -0.207276 0.084817 0.040820 0.131503 197.944730 115.307544
0.295183 0.331348 0.476984 0.317664 0.244845 0.304957 0.254131 0.250221 -0.268792 -0.216989 -0.355783 -0.222853 -0.207215 0.084792 0.040808 0.129509 197.774205 115.308152
0.294440 0.329655 0.477364 0.316938 0.245040 0.304222 0.253355 0.250420 -0.268028 -0.217161 -0.354110 -0.227922 -0.203467 0.061382 0.091951 0.111271 197.637376 115.366898
0.294176 0.329359 0.475958 0.317631 0.245309 0.304926 0.254105 0.247752 -0.268765 -0.216967 -0.355747 -0.227717 -0.205727 0.083561 0.042880 0.129496 196.962450 115.367132
0.294263 0.330435 0.475123 0.316749 0.243916 0.303062 0.253203 0.249293 -0.266890 -0.223875 -0.354876 -0.221920 -0.207255 0.080165 0.044237 0.131490 196.917546 115.404357
0.294019 0.329184 0.475704 0.316485 0.244690 0.303787 0.252993 0.250062 -0.273506 -0.211967 -0.362395 -0.227107 -0.196338 0.075702 0.042613 0.130892 196.778003 115.429755
0.293591 0.328705 0.475013 0.317000 0.244822 0.304320 0.253600 0.250674 -0.274083 -0.212146 -0.362843 -0.227265 -0.196540 0.077787 0.042673 0.128751 196.492465 115.449889
0.295736 0.329031 0.489630 0.286923 0.252649 0.308467 0.256566 0.253628 -0.278110 -0.219354 -0.358409 -0.224740 -0.202707 0.083727 0.044924 0.123387 196.340153 115.478864
0.294307 0.330484 0.482037 0.296262 0.244930 0.307018 0.254218 0.254218 -0.273774 -0.216086 -0.356883 -0.234663 -0.208263 0.082377 0.046688 0.131509 196.189947 115.523262
0.295152 0.328381 0.488663 0.286356 0.252150 0.307858 0.256059 0.253127 -0.277560 -0.218921 -0.358678 -0.230160 -0.198397 0.083561 0.044835 0.123632 195.969599 115.533281
0.294979 0.330142 0.481538 0.295955 0.244676 0.307676 0.254932 0.254932 -0.274467 -0.216350 -0.357491 -0.234420 -0.207559 0.080338 0.046518 0.130885 195.691660 115.545110
0.294735 0.329869 0.481140 0.295711 0.244474 0.307422 0.254721 0.254721 -0.274240 -0.218123 -0.357195 -0.234226 -0.207388 0.080271 0.046479 0.130776 195.390343 115.566689
0.295639 0.325007 0.489468 0.286829 0.252566 0.308365 0.256481 0.253545 -0.278018 -0.219282 -0.359270 -0.230540 -0.198724 0.083699 0.042951 0.123836 195.146171 115.597638
0.295286 0.329507 0.482039 0.287463 0.246886 0.306041 0.255197 0.253242 -0.276708 -0.221464 -0.360796 -0.228797 -0.210220 0.081644 0.034833 0.140310 194.080494 115.653967
0.290284 0.331196 0.485105 0.254242 0.289310 0.263983 0.285413 0.268853 -0.266905 -0.195795 -0.377953 -0.248884 -0.225019 0.084260 0.044444 0.128095 193.451147 115.736746
0.291459 0.332537 0.490003 0.239133 0.290481 0.265052 0.286569 0.269942 -0.267986 -0.196588 -0.379484 -0.249892 -0.225930 0.084601 0.044624 0.128614 193.254048 115.755930
0.292124 0.329250 0.491432 0.242785 0.289193 0.264767 0.290170 0.269652 -0.267698 -0.196377 -0.379077 -0.249624 -0.221779 0.069856 0.046652 0.130918 193.216094 115.776940
0.292222 0.329360 0.491597 0.242866 0.289290 0.264856 0.286358 0.269743 -0.267788 -0.196443 -0.379204 -0.249708 -0.221854 0.080385 0.039093 0.130474 193.187829 115.777663
0.293786 0.330019 0.491601 0.242373 0.288889 0.265386 0.280076 0.267345 -0.269304 -0.213974 -0.373108 -0.236008 -0.221319 0.081770 0.032928 0.138079 192.874320 115.828704
0.291982 0.328356 0.490568 0.239386 0.291982 0.266421 0.288049 0.271336 -0.269370 -0.197112 -0.380461 -0.250200 -0.226114 0.084793 0.044854 0.126820 192.678155 115.845511
0.292934 0.329184 0.489856 0.241989 0.289015 0.265502 0.280198 0.267462 -0.269421 -0.211618 -0.377189 -0.237090 -0.221415 0.082051 0.033065 0.139609 192.673738 115.900686
0.292474 0.328667 0.489088 0.241609 0.288562 0.265085 0.279758 0.267042 -0.268998 -0.218133 -0.374641 -0.235740 -0.221068 0.081678 0.032891 0.137923 192.320145 115.930140
0.294298 0.328518 0.488866 0.241989 0.288431 0.264966 0.279632 0.266921 -0.268877 -0.218034 -0.374472 -0.235634 -0.220968 0.081641 0.034832 0.140305 192.263508 115.954469
0.294219 0.328431 0.488736 0.241436 0.288354 0.264895 0.279557 0.266850 -0.268805 -0.218465 -0.374372 -0.236060 -0.221398 0.081863 0.034822 0.140756 192.181329 115.964658
0.294909 0.326261 0.490862 0.242492 0.289030 0.265516 0.280212 0.267476 -0.269435 -0.217997 -0.373290 -0.235633 -0.221916 0.081075 0.046049 0.132268 192.070942 115.971604
0.294381 0.327633 0.491939 0.230321 0.294381 0.262107 0.285579 0.267975 -0.269931 -0.219074 -0.376534 -0.236189 -0.222497 0.080930 0.042910 0.132520 191.700544 116.002207
0.294244 0.327591 0.488444 0.239318 0.287378 0.263838 0.278551 0.262858 -0.271685 -0.220192 -0.375651 -0.234414 -0.222154 0.080672 0.032367 0.148593 191.513170 116.021582
0.294084 0.327414 0.487199 0.240169 0.288202 0.264676 0.280360 0.267617 -0.269577 -0.219093 -0.376428 -0.236248 -0.222524 0.080873 0.032472 0.143121 191.385838 116.037318
0.293555 0.326825 0.487302 0.240226 0.287684 0.262243 0.277899 0.266157 -0.268114 -0.227505 -0.373794 -0.228973 -0.230441 0.085865 0.032536 0.144331 191.261928 116.053241
0.293536 0.326804 0.487270 0.240210 0.287665 0.264183 0.277881 0.266139 -0.268096 -0.227491 -0.373769 -0.228958 -0.230426 0.085859 0.032534 0.144322 191.242021 116.053642
0.293814 0.327113 0.486752 0.239948 0.287938 0.264433 0.285979 0.268350 -0.269329 -0.219381 -0.377061 -0.236520 -0.222809 0.081044 0.042970 0.132706 191.073753 116.064928
0.293337 0.326582 0.486939 0.240047 0.287470 0.264003 0.278670 0.263025 -0.271826 -0.220003 -0.376449 -0.236625 -0.221958 0.080179 0.040456 0.143735 190.958547 116.067279
0.293827 0.327128 0.487753 0.236531 0.287951 0.262486 0.285992 0.270321 -0.270321 -0.220370 -0.377078 -0.237021 -0.222329 0.080313 0.040524 0.132222 190.937726 116.071045
0.294208 0.326463 0.487739 0.237516 0.286388 0.264885 0.277591 0.267817 -0.269772 -0.228720 -0.373380 -0.232629 -0.222366 0.080883 0.032500 0.144171 190.901292 116.103094
0.293324 0.326567 0.485940 0.239548 0.287457 0.263991 0.278658 0.266925 -0.268880 -0.227815 -0.374477 -0.233192 -0.221948 0.080664 0.032388 0.143729 190.684197 116.105267
0.293757 0.325963 0.486993 0.236665 0.287902 0.264479 0.281070 0.268383 -0.270335 -0.229345 -0.373784 -0.233249 -0.222514 0.081247 0.041111 0.134679 190.309904 116.126936
0.294129 0.326375 0.484677 0.239407 0.286311 0.263836 0.277517 0.267745 -0.269699 -0.228170 -0.375234 -0.233544 -0.222306 0.080861 0.032491 0.144133 190.134215 116.147451
0.293521 0.325808 0.485288 0.239220 0.286672 0.261234 0.283737 0.269061 -0.271018 -0.227968 -0.374729 -0.234817 -0.220630 0.078272 0.045251 0.132084 190.093537 116.151083
0.294220 0.326476 0.484827 0.237526 0.287377 0.261963 0.285422 0.269783 -0.269783 -0.228240 -0.375350 -0.235082 -0.220909 0.080397 0.046552 0.131959 189.907419 116.183719
0.294346 0.325639 0.485036 0.237628 0.287501 0.262076 0.285545 0.269899 -0.269899 -0.228338 -0.375511 -0.235184 -0.221004 0.080921 0.046572 0.131038 189.603298 116.201336
0.295562 0.321986 0.488362 0.236351 0.287732 0.262287 0.285775 0.270116 -0.270116 -0.227054 -0.375814 -0.235862 -0.221671 0.078294 0.045998 0.132122 188.944091 116.238248
0.295474 0.321891 0.488218 0.236282 0.287647 0.262209 0.285690 0.270036 -0.270036 -0.228455 -0.375702 -0.235303 -0.221117 0.080962 0.045862 0.132083 188.843190 116.261743
0.295287 0.320709 0.488886 0.236621 0.287465 0.262043 0.285510 0.269865 -0.269865 -0.228799 -0.375465 -0.235643 -0.220977 0.080666 0.046933 0.131510 188.586435 116.274384
0.295536 0.320979 0.488319 0.236331 0.287707 0.262263 0.285750 0.270092 -0.270092 -0.228991 -0.375780 -0.235352 -0.221162 0.080979 0.045872 0.132110 188.335769 116.286337
0.295415 0.320848 0.488119 0.236234 0.287589 0.262156 0.285633 0.269982 -0.269982 -0.228898 -0.375627 -0.236234 -0.221561 0.080701 0.046709 0.131567 188.111608 116.288062
0.295333 0.325649 0.482116 0.237147 0.287510 0.262084 0.285554 0.269907 -0.265017 -0.237147 -0.372589 -0.235191 -0.221011 0.080923 0.045840 0.132509 187.195961 116.295138
0.295105 0.325397 0.481745 0.236964 0.287288 0.261881 0.285334 0.269699 -0.264813 -0.236964 -0.374256 -0.233544 -0.222795 0.081349 0.041163 0.134849 186.757608 116.308773
0.294668 0.325016 0.481651 0.236910 0.286837 0.261384 0.284879 0.269215 -0.264321 -0.236910 -0.373965 -0.235931 -0.221246 0.081744 0.034753 0.139992 186.580218 116.330609
0.294450 0.333580 0.482272 0.195648 0.325754 0.227930 0.295428 0.274885 -0.323797 -0.180485 -0.399122 -0.303254 -0.091955 0.007918 0.036929 0.145758 186.247049 116.344359
0.296310 0.333471 0.482115 0.195584 0.325648 0.227856 0.295332 0.274796 -0.323692 -0.180426 -0.398992 -0.303156 -0.091925 0.007915 0.036917 0.145710 186.094375 116.347300
0.289798 0.333855 0.475817 0.205110 0.308400 0.235950 0.295672 0.273154 -0.317211 -0.222733 -0.339729 -0.355394 -0.087380 0.041487 0.046015 0.127766 186.090287 116.402270
0.290743 0.334944 0.473440 0.203815 0.306459 0.236229 0.296637 0.275027 -0.316281 -0.222477 -0.338873 -0.361464 -0.086683 0.040640 0.041131 0.133094 186.046088 116.410921
0.290453 0.334461 0.473331 0.203904 0.306101 0.236177 0.296321 0.274806 -0.315880 -0.222485 -0.339351 -0.361844 -0.086794 0.039974 0.041074 0.133002 185.923455 116.423931
0.289227 0.333197 0.474879 0.204706 0.305838 0.235485 0.295090 0.272616 -0.316586 -0.222294 -0.339060 -0.361534 -0.087208 0.041405 0.046535 0.130934 185.833949 116.450682
0.289600 0.333627 0.473535 0.204481 0.306232 0.234811 0.295470 0.272967 -0.316994 -0.222581 -0.339497 -0.362000 -0.086342 0.040970 0.046840 0.131103 185.652081 116.468364
0.289537 0.333554 0.473432 0.204436 0.306165 0.234759 0.295406 0.272908 -0.316925 -0.223021 -0.339423 -0.361921 -0.086323 0.040961 0.046585 0.131074 185.590166 116.473639
0.289773 0.333826 0.472839 0.203624 0.306415 0.234951 0.295646 0.273130 -0.317184 -0.223203 -0.339700 -0.362216 -0.086393 0.040994 0.046623 0.131670 185.510357 116.482963
0.289527 0.333543 0.472438 0.203452 0.305177 0.235241 0.295396 0.272899 -0.316915 -0.226927 -0.338434 -0.360931 -0.086565 0.041082 0.045728 0.131559 185.269419 116.512489
0.289718 0.332785 0.472750 0.203586 0.305379 0.235886 0.295591 0.274058 -0.317124 -0.223651 -0.340615 -0.362148 -0.086377 0.040986 0.046614 0.131156 185.112835 116.526129
0.289511 0.333377 0.471796 0.203243 0.305108 0.235411 0.295360 0.273915 -0.315830 -0.231512 -0.335326 -0.361645 -0.086269 0.040941 0.045571 0.131109 185.047551 116.536207
0.289745 0.333943 0.472431 0.196437 0.306442 0.236215 0.296620 0.274030 -0.318228 -0.227867 -0.339836 -0.362426 -0.086923 0.041252 0.045917 0.132104 184.981557 116.544964
0.289379 0.332395 0.472197 0.203348 0.305021 0.234632 0.293290 0.273737 -0.316753 -0.231699 -0.335328 -0.361724 -0.086276 0.040938 0.046560 0.131003 184.741692 116.567077
0.288383 0.333352 0.470211 0.202357 0.305002 0.234617 0.295226 0.272742 -0.322598 -0.231684 -0.335307 -0.361701 -0.087248 0.040936 0.046557 0.130994 184.374099 116.578439
0.288340 0.332325 0.471119 0.202816 0.304957 0.234582 0.291273 0.272702 -0.323528 -0.227251 -0.339167 -0.361647 -0.086747 0.047894 0.046183 0.131464 184.228892 116.616693
0.289626 0.332679 0.470643 0.199118 0.305282 0.233365 0.292562 0.272014 -0.314088 -0.246085 -0.327787 -0.356162 -0.104451 0.061277 0.041585 0.132093 184.209382 116.618477
0.288375 0.332365 0.470198 0.202351 0.304993 0.233144 0.292285 0.271757 -0.313791 -0.245852 -0.327477 -0.355826 -0.104353 0.061219 0.041546 0.131968 184.095409 116.624676
0.288330 0.332312 0.470124 0.202808 0.304945 0.233107 0.292239 0.271714 -0.313742 -0.245813 -0.327425 -0.355769 -0.104336 0.061209 0.041539 0.131947 184.080130 116.625012
0.288297 0.332274 0.470070 0.202296 0.304910 0.234546 0.295138 0.271683 -0.313706 -0.245785 -0.327388 -0.361592 -0.086245 0.040923 0.046543 0.130955 183.813271 116.643376
0.289207 0.331220 0.469962 0.202250 0.304840 0.234981 0.291161 0.272597 -0.322427 -0.231561 -0.335129 -0.366394 -0.085981 0.047753 0.046532 0.130925 183.515424 116.661395
0.288277 0.331274 0.470038 0.202282 0.304889 0.235996 0.291208 0.272641 -0.322479 -0.231599 -0.335183 -0.366453 -0.085994 0.048738 0.046173 0.131435 183.505596 116.666718
0.293303 0.326544 0.475152 0.204824 0.306991 0.230732 0.291348 0.269839 -0.322634 -0.231710 -0.335344 -0.358808 -0.086036 0.047173 0.046562 0.131009 182.960820 116.697904
0.292500 0.325761 0.475435 0.204946 0.307174 0.230870 0.291522 0.270000 -0.322826 -0.231848 -0.335544 -0.359022 -0.086087 0.047201 0.046590 0.131087 182.756247 116.724182
0.292434 0.325688 0.474350 0.203433 0.307105 0.232774 0.293413 0.272874 -0.324710 -0.232285 -0.336446 -0.359919 -0.086312 0.056237 0.045846 0.124945 182.205932 116.768298
0.288953 0.333031 0.464284 0.197370 0.304625 0.234591 0.292871 0.271322 -0.317359 -0.242427 -0.337928 -0.360457 -0.086441 0.040894 0.046649 0.131253 181.376066 116.773749
0.292561 0.325828 0.471619 0.203031 0.304302 0.235810 0.291582 0.269077 -0.317022 -0.232874 -0.341484 -0.354204 -0.103717 0.061154 0.046477 0.134049 181.009973 116.814570
0.294807 0.322231 0.475021 0.203721 0.307540 0.233103 0.293828 0.273260 -0.325169 -0.232614 -0.336922 -0.360429 -0.086434 0.056317 0.045911 0.125122 180.322905 116.861706
0.311792 0.322543 0.461334 0.230178 0.294198 0.240441 0.295176 0.276605 -0.301040 -0.252170 -0.302995 -0.414419 -0.011179 0.011423 0.042761 0.135859 179.969752 116.912561
0.311947 0.322704 0.460586 0.230293 0.294345 0.240561 0.295323 0.276743 -0.301190 -0.252295 -0.303146 -0.414625 -0.011185 0.011429 0.042783 0.135927 179.871260 116.916819
0.311844 0.322598 0.460435 0.230217 0.294248 0.240482 0.296203 0.275674 -0.303046 -0.252213 -0.303046 -0.414489 -0.011181 0.011425 0.042769 0.135882 179.708800 116.917979
0.299160 0.325556 0.463404 0.203350 0.305026 0.233657 0.294271 0.271786 -0.305026 -0.247344 -0.338266 -0.362707 -0.072101 0.011121 0.045216 0.143714 179.491602 116.945732
0.306160 0.323767 0.461686 0.204922 0.294422 0.241113 0.299313 0.274859 -0.303226 -0.261165 -0.299313 -0.432341 -0.011218 0.010423 0.040349 0.143788 179.358266 117.006559
0.298220 0.323642 0.460530 0.204354 0.294309 0.240531 0.291375 0.274753 -0.303109 -0.261065 -0.330486 -0.358841 -0.105599 0.061844 0.041922 0.138843 178.701093 117.090780
0.300352 0.320897 0.461779 0.204474 0.294482 0.241162 0.299373 0.274915 -0.304265 -0.261218 -0.330680 -0.358074 -0.105661 0.061758 0.041947 0.131098 177.395488 117.128271
0.300514 0.321070 0.461049 0.204584 0.294640 0.240802 0.299535 0.275063 -0.304429 -0.261359 -0.330859 -0.358267 -0.105473 0.061669 0.041969 0.131169 177.312485 117.133014
0.299301 0.319842 0.460689 0.213717 0.293433 0.240615 0.298323 0.277783 -0.303214 -0.260177 -0.329623 -0.357010 -0.105636 0.061621 0.078493 0.104658 177.108748 117.158483
0.296205 0.315756 0.469235 0.204313 0.295227 0.240972 0.291317 0.274698 -0.304025 -0.260034 -0.330420 -0.357792 -0.105333 0.061587 0.041913 0.130995 176.355265 117.222614
0.279454 0.356645 0.385959 0.242323 0.245743 0.254049 0.280431 0.264797 -0.367394 -0.204216 -0.404524 -0.356645 -0.088673 0.080123 0.045680 0.143147 174.629167 117.251261
0.279420 0.356602 0.385912 0.242294 0.245714 0.254018 0.280397 0.264765 -0.367349 -0.204192 -0.404475 -0.356602 -0.089639 0.080113 0.045674 0.145572 174.609306 117.252457
0.286519 0.354971 0.386263 0.246426 0.259138 0.238114 0.293364 0.272829 -0.360838 -0.204377 -0.405821 -0.354971 -0.065762 0.061729 0.033126 0.143748 174.493954 117.294264
0.276631 0.354831 0.387088 0.246329 0.261969 0.235577 0.295204 0.277609 -0.361674 -0.204785 -0.406638 -0.355809 -0.065981 0.061460 0.036778 0.129518 174.327499 117.331027
0.278579 0.355799 0.383169 0.248278 0.258052 0.237525 0.293241 0.271737 -0.360687 -0.207713 -0.403696 -0.356777 -0.076976 0.069645 0.045697 0.133425 174.092457 117.349228
0.275615 0.353804 0.386057 0.245806 0.260955 0.235055 0.294185 0.273660 -0.360645 -0.207689 -0.405604 -0.354781 -0.077700 0.068904 0.045936 0.127545 173.966763 117.392973
0.275738 0.352984 0.384273 0.248360 0.258138 0.235649 0.294316 0.272805 -0.361784 -0.208270 -0.404807 -0.356895 -0.077979 0.069179 0.045223 0.131513 173.681810 117.445542
0.281242 0.347646 0.387684 0.249016 0.257805 0.236321 0.293937 0.272453 -0.361318 -0.208490 -0.404285 -0.357412 -0.077146 0.080076 0.039428 0.130367 173.300714 117.534000
0.281504 0.346993 0.387068 0.249248 0.258045 0.236542 0.294211 0.272707 -0.361654 -0.208684 -0.404662 -0.357745 -0.077218 0.080150 0.039464 0.130000 173.001762 117.559949
0.281677 0.347206 0.385350 0.249401 0.258204 0.236687 0.294391 0.272874 -0.361877 -0.208813 -0.404911 -0.357964 -0.077999 0.069197 0.045235 0.131547 172.683111 117.565229
0.281623 0.348118 0.385276 0.246420 0.258155 0.238109 0.292380 0.273800 -0.376476 -0.158902 -0.485018 -0.276734 -0.121254 0.051093 0.043026 0.143745 172.579285 117.599510
0.281717 0.348233 0.385404 0.246991 0.258240 0.238187 0.292477 0.273891 -0.376600 -0.158955 -0.485179 -0.276826 -0.121295 0.068962 0.039494 0.130098 172.451476 117.603516
0.280421 0.347839 0.383991 0.250131 0.257948 0.236452 0.295077 0.274558 -0.377151 -0.159263 -0.484629 -0.277489 -0.121157 0.068151 0.039327 0.139233 172.407836 117.651843
0.278567 0.347964 0.384129 0.250221 0.258041 0.236537 0.295183 0.274657 -0.377287 -0.159321 -0.484804 -0.277589 -0.121201 0.069153 0.041785 0.133908 172.234106 117.661565
0.283169 0.345878 0.385071 0.245446 0.250835 0.246426 0.295907 0.275330 -0.378212 -0.161181 -0.485993 -0.278270 -0.121498 0.069323 0.041887 0.136195 171.994580 117.683969
0.280658 0.347156 0.384316 0.244965 0.250343 0.245943 0.294349 0.275769 -0.378449 -0.159398 -0.485040 -0.297283 -0.072365 0.011307 0.046695 0.143752 171.959868 117.711042
0.281096 0.346718 0.383936 0.244857 0.250734 0.245837 0.294808 0.274240 -0.378060 -0.159647 -0.484818 -0.297747 -0.073947 0.010406 0.046890 0.143976 171.714415 117.715470
0.280388 0.346822 0.383946 0.244729 0.250102 0.247660 0.296020 0.272573 -0.381015 -0.160222 -0.484574 -0.296997 -0.072051 0.011143 0.045307 0.143614 171.625261 117.719777
0.281715 0.346275 0.383445 0.245033 0.250413 0.246012 0.291497 0.273890 -0.376598 -0.160910 -0.485176 -0.297366 -0.073852 0.011463 0.047197 0.147705 171.558694 117.750380
0.282095 0.342053 0.391199 0.235899 0.259489 0.237864 0.297822 0.268335 -0.379404 -0.160215 -0.487524 -0.279147 -0.121881 0.063889 0.045951 0.137608 171.428427 117.756096
0.281849 0.341754 0.390856 0.239620 0.252387 0.248459 0.291669 0.273992 -0.382018 -0.156637 -0.484151 -0.301490 -0.072426 0.011202 0.045543 0.141415 171.189213 117.775101
0.280896 0.341578 0.391493 0.239300 0.251534 0.248109 0.294599 0.276003 -0.378770 -0.159533 -0.485451 -0.297535 -0.072426 0.011317 0.046734 0.143874 170.975803 117.816634
0.280708 0.341349 0.391231 0.239629 0.251366 0.248432 0.294401 0.275818 -0.378516 -0.159427 -0.486104 -0.297335 -0.072378 0.011309 0.046703 0.143777 170.692261 117.832798
0.281601 0.344179 0.383290 0.245423 0.249823 0.244934 0.290401 0.271823 -0.375468 -0.166712 -0.481068 -0.300179 -0.072111 0.011122 0.045222 0.151556 170.521872 117.842576
0.282755 0.343206 0.383182 0.246679 0.249604 0.242292 0.293480 0.272030 -0.379282 -0.155515 -0.490434 -0.298355 -0.073126 0.010299 0.046557 0.147228 170.253572 117.851030
0.280856 0.340759 0.389860 0.238139 0.251396 0.246977 0.295587 0.273000 -0.380040 -0.160069 -0.487080 -0.298533 -0.072669 0.011692 0.045541 0.148284 170.103914 117.881411
0.280697 0.340358 0.390238 0.237663 0.251356 0.247444 0.295368 0.272873 -0.380457 -0.159909 -0.488041 -0.298302 -0.072619 0.020417 0.046701 0.131546 169.922515 117.894283
0.280918 0.340626 0.389566 0.238340 0.251554 0.247149 0.290706 0.272109 -0.375863 -0.166887 -0.481574 -0.300494 -0.072187 0.011134 0.045270 0.143885 169.794528 117.896380
0.280839 0.340529 0.389456 0.238762 0.251483 0.247569 0.290624 0.272032 -0.375757 -0.166351 -0.482417 -0.299431 -0.073145 0.010061 0.046358 0.147269 169.706966 117.903323
0.280730 0.340398 0.389305 0.238670 0.251386 0.247473 0.290512 0.271927 -0.375611 -0.166775 -0.482230 -0.300293 -0.072139 0.011157 0.045362 0.140854 169.489113 117.909520
0.280170 0.339926 0.388907 0.237557 0.250781 0.246373 0.294864 0.273312 -0.380090 -0.156249 -0.491767 -0.299762 -0.073961 0.011510 0.047022 0.147922 169.271339 117.936924
0.280058 0.339582 0.388373 0.244441 0.249808 0.245417 0.290792 0.271276 -0.376663 -0.166376 -0.481075 -0.299574 -0.073186 0.010063 0.046351 0.147348 169.065641 117.954514
0.279720 0.339381 0.388283 0.237175 0.250379 0.245978 0.294391 0.272874 -0.380459 -0.166267 -0.486087 -0.297325 -0.073842 0.011492 0.046946 0.147685 168.755531 117.999716
0.279728 0.339390 0.387316 0.237182 0.250386 0.245985 0.293421 0.270926 -0.377535 -0.167250 -0.487079 -0.297333 -0.073600 0.009628 0.045603 0.138397 168.257811 118.007971
0.280938 0.337713 0.385678 0.246677 0.241783 0.253529 0.286811 0.270170 -0.376868 -0.166899 -0.486502 -0.296600 -0.073416 0.009636 0.045395 0.145363 167.981815 118.055170
0.280781 0.337524 0.385462 0.246539 0.242137 0.253388 0.286651 0.270019 -0.376657 -0.166805 -0.487209 -0.296434 -0.073375 0.009630 0.045370 0.145282 167.846295 118.068025
0.280633 0.337346 0.385259 0.247387 0.250320 0.242987 0.292366 0.273788 -0.374503 -0.166228 -0.486951 -0.296278 -0.073336 0.009625 0.046691 0.142761 167.736150 118.083662
0.278880 0.342484 0.371840 0.242185 0.241696 0.249035 0.300407 0.273987 -0.369883 -0.183963 -0.482413 -0.296493 -0.105436 0.061647 0.041954 0.131122 167.377033 118.089222
0.278486 0.342001 0.371315 0.241843 0.241355 0.248684 0.299984 0.273601 -0.369361 -0.183703 -0.481733 -0.296075 -0.122143 0.084767 0.047147 0.114082 167.012367 118.090474
0.277885 0.341486 0.370840 0.241682 0.248531 0.238257 0.290606 0.271036 -0.373776 -0.183463 -0.481407 -0.295498 -0.117416 0.072162 0.040362 0.148238 166.939006 118.143331
0.277891 0.341493 0.370848 0.241687 0.248537 0.238262 0.290612 0.271042 -0.373783 -0.183467 -0.481417 -0.295504 -0.117419 0.072164 0.046478 0.142370 166.898101 118.154364
0.277871 0.341468 0.370820 0.241669 0.249007 0.238245 0.290590 0.271022 -0.373756 -0.183453 -0.481382 -0.295482 -0.117410 0.072158 0.043050 0.137468 166.750596 118.160665
0.277879 0.341479 0.370832 0.241677 0.249504 0.234828 0.295492 0.271030 -0.373767 -0.183459 -0.481397 -0.295492 -0.117414 0.072161 0.046843 0.131112 166.737905 118.168261
0.278095 0.339569 0.373721 0.243455 0.259555 0.232722 0.290780 0.272240 -0.367866 -0.182957 -0.479104 -0.294683 -0.120996 0.080501 0.039275 0.129290 166.213181 118.178340
0.278701 0.340308 0.370623 0.240563 0.255231 0.233717 0.291413 0.266966 -0.362800 -0.187267 -0.481126 -0.294347 -0.123215 0.068453 0.044861 0.126638 166.129478 118.194694
0.279653 0.339300 0.370590 0.247386 0.255208 0.227829 0.298232 0.269875 -0.365701 -0.179917 -0.483038 -0.295298 -0.121493 0.069669 0.046690 0.131026 165.742884 118.208128
0.278998 0.338713 0.370040 0.247183 0.254525 0.227604 0.294661 0.269209 -0.366124 -0.183551 -0.481639 -0.295640 -0.117473 0.061673 0.044297 0.148310 165.301273 118.261177
0.278804 0.338477 0.369782 0.247499 0.254347 0.227934 0.294456 0.269021 -0.365869 -0.183423 -0.482281 -0.295434 -0.117636 0.061753 0.044266 0.148206 165.067823 118.276651
0.278899 0.338384 0.369590 0.246718 0.254520 0.227215 0.297427 0.269147 -0.368615 -0.183332 -0.481735 -0.295477 -0.121165 0.069481 0.046564 0.130673 164.781300 118.283802
0.275201 0.352571 0.331025 0.254634 0.240923 0.225743 0.298706 0.277160 -0.339839 -0.220846 -0.476950 -0.298706 -0.141518 0.061700 0.085939 0.129766 164.700991 118.321158
0.274909 0.352196 0.330673 0.254364 0.240667 0.225503 0.297410 0.275887 -0.339478 -0.225014 -0.475465 -0.297410 -0.140878 0.061390 0.091962 0.129628 164.596082 118.358618
0.274908 0.352196 0.330673 0.254363 0.240667 0.225503 0.297410 0.275887 -0.339477 -0.225014 -0.475464 -0.297410 -0.140878 0.061390 0.091962 0.121556 164.456330 118.374555
0.273615 0.351790 0.333223 0.247719 0.243322 0.225732 0.297067 0.267751 -0.338109 -0.229641 -0.473939 -0.297067 -0.140716 0.068159 0.039210 0.139739 164.083555 118.378117
0.274318 0.351439 0.330938 0.253817 0.241614 0.224530 0.295794 0.275294 -0.337772 -0.229412 -0.473466 -0.296771 -0.140576 0.068091 0.042954 0.142528 164.062848 118.408051
0.274116 0.351456 0.330898 0.253558 0.241810 0.224678 0.295654 0.275095 -0.337751 -0.229573 -0.473830 -0.296633 -0.139995 0.069019 0.046012 0.127758 163.861609 118.436047
0.272676 0.349885 0.334248 0.257039 0.243356 0.234071 0.305905 0.279517 -0.359659 -0.178852 -0.514077 -0.304928 -0.073789 0.010659 0.082096 0.128519 163.671180 118.451023
0.273569 0.350755 0.330237 0.258914 0.241327 0.224229 0.295064 0.274546 -0.337076 -0.229114 -0.472884 -0.296041 -0.140204 0.067904 0.042867 0.124816 163.260983 118.472684
0.274436 0.351591 0.326198 0.260763 0.241719 0.217791 0.299829 0.267600 -0.337918 -0.229511 -0.473671 -0.296899 -0.140636 0.067877 0.039310 0.139171 163.161608 118.472741
0.279797 0.345343 0.340452 0.248002 0.246045 0.221587 0.294471 0.268057 -0.342408 -0.224522 -0.473502 -0.298385 -0.133050 0.061878 0.044758 0.129137 163.149117 118.487207
0.275624 0.346246 0.341342 0.248650 0.246688 0.222166 0.295241 0.268757 -0.343303 -0.220205 -0.474739 -0.300145 -0.133398 0.060078 0.043158 0.118930 163.074909 118.492103
0.274240 0.345738 0.340841 0.245346 0.246816 0.222330 0.294808 0.268363 -0.342799 -0.225268 -0.475022 -0.298725 -0.133202 0.062071 0.044931 0.129284 163.018431 118.546490
0.274803 0.345215 0.340325 0.247909 0.245953 0.221505 0.296317 0.275781 -0.342281 -0.226394 -0.473326 -0.299251 -0.133001 0.061855 0.046941 0.131534 162.850116 118.561844
0.274787 0.345195 0.340305 0.247895 0.245939 0.221492 0.294345 0.267942 -0.342261 -0.226381 -0.473298 -0.299234 -0.132993 0.059896 0.044249 0.127615 162.670905 118.572194
0.273434 0.349878 0.328317 0.254813 0.242072 0.217081 0.298915 0.274414 -0.337137 -0.229332 -0.480225 -0.297935 -0.119566 0.035894 0.041775 0.136227 162.263979 118.596128
0.277771 0.347214 0.330586 0.254297 0.240604 0.221532 0.294398 0.272880 -0.340367 -0.225933 -0.481209 -0.299288 -0.117368 0.040957 0.043035 0.133995 162.234116 118.614923
0.276762 0.347176 0.330550 0.254269 0.240578 0.221508 0.294366 0.272851 -0.340330 -0.225909 -0.481156 -0.299256 -0.119556 0.040952 0.043030 0.133980 162.043396 118.627081
0.277673 0.347091 0.330470 0.254207 0.240519 0.219498 0.294294 0.272784 -0.340247 -0.225854 -0.481039 -0.299183 -0.119526 0.035931 0.045097 0.123682 161.982902 118.642132
0.274709 0.347052 0.331410 0.254179 0.242448 0.221429 0.293284 0.272754 -0.340209 -0.225828 -0.480985 -0.299149 -0.119513 0.042893 0.043015 0.131978 161.641272 118.658396
0.273008 0.347376 0.330741 0.254416 0.240717 0.219679 0.294536 0.271051 -0.340526 -0.226039 -0.481434 -0.299428 -0.119624 0.035961 0.046602 0.131122 161.416848 118.686885
0.272812 0.346149 0.323659 0.259123 0.240544 0.220988 0.304102 0.280635 -0.329526 -0.236144 -0.480110 -0.301169 -0.125650 0.061603 0.035813 0.143740 160.742438 118.737308
0.272812 0.346149 0.323659 0.259123 0.240544 0.220988 0.304103 0.280635 -0.329526 -0.236144 -0.480111 -0.301169 -0.125650 0.061603 0.036791 0.131028 160.584422 118.753690
0.272812 0.346149 0.323659 0.259123 0.240544 0.220988 0.304102 0.278679 -0.329526 -0.236144 -0.480110 -0.301169 -0.125650 0.061603 0.036791 0.124917 160.450260 118.764230
0.273414 0.345932 0.323392 0.259694 0.240584 0.220985 0.303793 0.279293 -0.329272 -0.236174 -0.480189 -0.300853 -0.125927 0.061616 0.036749 0.124947 160.391736 118.767742
0.274119 0.347544 0.321111 0.254539 0.241812 0.221253 0.294678 0.273140 -0.340691 -0.224190 -0.492436 -0.298594 -0.124333 0.061187 0.041730 0.133144 160.128738 118.778152
0.273691 0.347001 0.320609 0.256096 0.243389 0.218464 0.297150 0.276623 -0.340159 -0.224329 -0.492644 -0.298128 -0.124383 0.061092 0.041054 0.134402 160.106434 118.803500
0.273691 0.347001 0.320610 0.256097 0.243390 0.218464 0.297150 0.276624 -0.340159 -0.224329 -0.492644 -0.298128 -0.124383 0.061214 0.040443 0.134402 160.101865 118.803811
0.273697 0.347009 0.320617 0.256102 0.243395 0.218469 0.297157 0.276630 -0.340166 -0.224334 -0.492655 -0.298134 -0.124386 0.061215 0.046553 0.130984 160.097416 118.808417
0.272774 0.346100 0.319703 0.264952 0.240999 0.220957 0.299171 0.273752 -0.339256 -0.223890 -0.490798 -0.297216 -0.123921 0.060983 0.041552 0.132476 159.786188 118.831522
0.272780 0.346108 0.319710 0.264958 0.241004 0.220961 0.293311 0.273757 -0.339264 -0.223894 -0.490808 -0.297222 -0.123924 0.060984 0.041552 0.132479 159.762658 118.851849
0.272859 0.345946 0.319635 0.265063 0.241188 0.220723 0.293323 0.271884 -0.339125 -0.223647 -0.491146 -0.297221 -0.124005 0.061028 0.041538 0.132531 159.676454 118.856654
0.274553 0.344172 0.321620 0.254943 0.241705 0.221604 0.295145 0.273573 -0.341231 -0.224546 -0.492235 -0.302009 -0.124284 0.068638 0.040448 0.134335 159.571104 118.862109
0.274503 0.343862 0.321394 0.255943 0.248616 0.220775 0.295018 0.273526 -0.340931 -0.224194 -0.492348 -0.300879 -0.123820 0.079372 0.045425 0.126506 159.372630 118.866285
0.274303 0.343611 0.321159 0.256732 0.248923 0.221102 0.294803 0.273327 -0.340683 -0.224031 -0.491989 -0.301636 -0.123973 0.079558 0.045514 0.126902 159.253053 118.872006
0.274067 0.343563 0.321050 0.256449 0.249108 0.221212 0.294622 0.273089 -0.340627 -0.224148 -0.492342 -0.301474 -0.124064 0.079528 0.045515 0.126756 159.186468 118.879509
0.273874 0.343320 0.320823 0.256267 0.249421 0.221544 0.293436 0.272895 -0.340386 -0.224479 -0.492972 -0.301261 -0.124221 0.083629 0.042915 0.129601 159.040675 118.890467
0.273863 0.343306 0.320810 0.256257 0.249411 0.221535 0.293424 0.272885 -0.340372 -0.224470 -0.492953 -0.300271 -0.119815 0.051471 0.045603 0.128129 158.811858 118.915307
0.280332 0.336985 0.333078 0.247610 0.243215 0.225633 0.296937 0.276425 -0.327217 -0.233447 -0.489360 -0.296937 -0.117456 0.040780 0.039193 0.139678 158.294851 118.942939
0.280302 0.336949 0.333042 0.247584 0.243189 0.225609 0.296906 0.276396 -0.327182 -0.233422 -0.489308 -0.296906 -0.118420 0.041264 0.039189 0.139663 158.260330 118.943311
0.274634 0.344025 0.317637 0.256064 0.248734 0.220880 0.295158 0.273657 -0.326433 -0.234563 -0.492582 -0.304932 -0.092115 0.007910 0.037017 0.143181 157.939615 118.946407
0.281621 0.334425 0.333447 0.247885 0.242507 0.221972 0.292378 0.269887 -0.341270 -0.224906 -0.491859 -0.299223 -0.124676 0.061360 0.041803 0.133477 157.651683 119.008979
0.279153 0.334984 0.334005 0.248300 0.243892 0.225771 0.296784 0.276215 -0.327148 -0.233607 -0.489743 -0.296784 -0.118518 0.041383 0.043465 0.139577 157.208308 119.029828
0.278714 0.334457 0.333479 0.247909 0.243508 0.225905 0.297295 0.276758 -0.327611 -0.233729 -0.489950 -0.298273 -0.118576 0.040829 0.042907 0.143269 157.094148 119.045831
0.278714 0.334457 0.333479 0.247909 0.243508 0.225905 0.297295 0.276758 -0.327611 -0.233729 -0.489950 -0.298273 -0.118576 0.041318 0.039240 0.139846 156.969665 119.055444
0.280758 0.333584 0.332606 0.255324 0.240650 0.218639 0.301302 0.276845 -0.327715 -0.235270 -0.484235 -0.300324 -0.120081 0.041087 0.042921 0.143314 156.944905 119.072142
0.280263 0.335925 0.326160 0.257803 0.242667 0.220207 0.298817 0.278310 -0.328113 -0.235343 -0.489240 -0.295888 -0.120357 0.041380 0.043455 0.139155 156.818668 119.078287
0.278745 0.334494 0.333516 0.247937 0.243535 0.225930 0.295372 0.276789 -0.327648 -0.233755 -0.490005 -0.298306 -0.117856 0.041078 0.045724 0.129592 156.776933 119.088616
0.279890 0.332736 0.333715 0.248084 0.243680 0.226065 0.297505 0.276954 -0.327843 -0.233894 -0.490297 -0.298484 -0.118660 0.041347 0.039268 0.139945 156.620714 119.095309
0.278848 0.332660 0.332660 0.247538 0.243136 0.225524 0.297437 0.276891 -0.326790 -0.234819 -0.491163 -0.298416 -0.124503 0.054547 0.039137 0.143337 156.588671 119.112351
0.277800 0.332578 0.333556 0.248455 0.244053 0.225957 0.297364 0.276822 -0.326709 -0.234272 -0.491041 -0.298342 -0.118848 0.041328 0.039249 0.139878 156.406065 119.129523
0.280327 0.333072 0.330142 0.255909 0.243211 0.218304 0.296932 0.276420 -0.324281 -0.232955 -0.488375 -0.301816 -0.120629 0.040779 0.041756 0.133326 156.356458 119.140235
0.279534 0.335246 0.323517 0.267805 0.237018 0.219913 0.298105 0.277579 -0.327426 -0.235063 -0.488696 -0.295172 -0.120219 0.041295 0.043372 0.134880 156.278965 119.158694
0.279503 0.332277 0.331299 0.254094 0.241878 0.224775 0.294162 0.275594 -0.325436 -0.232594 -0.491574 -0.298072 -0.120939 0.040924 0.041901 0.133888 156.085737 119.165466
0.279606 0.334355 0.323600 0.267875 0.237079 0.218992 0.301115 0.275696 -0.325556 -0.232191 -0.490778 -0.298182 -0.120250 0.045705 0.042894 0.134915 155.948378 119.172554
0.280568 0.333357 0.324559 0.256128 0.243419 0.218491 0.297187 0.276657 -0.327492 -0.235110 -0.492704 -0.299142 -0.121221 0.051812 0.046924 0.133930 155.842363 119.205884
0.280529 0.333311 0.324514 0.256092 0.243386 0.218460 0.297145 0.276619 -0.327446 -0.235077 -0.492636 -0.300078 -0.119738 0.051683 0.046796 0.134888 155.816904 119.208116
0.281076 0.333164 0.324319 0.256507 0.243239 0.218670 0.297784 0.277145 -0.327267 -0.234885 -0.492375 -0.300732 -0.119654 0.051842 0.046928 0.132184 155.754564 119.208508
0.279202 0.333083 0.324266 0.256670 0.243935 0.218953 0.301734 0.276263 -0.326226 -0.234138 -0.493747 -0.300755 -0.120008 0.051922 0.054861 0.132254 155.543960 119.214539
0.279850 0.332689 0.323882 0.268108 0.237285 0.219183 0.301377 0.270065 -0.325839 -0.232393 -0.491205 -0.298441 -0.120355 0.045745 0.042932 0.135032 154.825800 119.240055
0.279850 0.332688 0.323882 0.268108 0.237285 0.219183 0.301376 0.275936 -0.325839 -0.232393 -0.491205 -0.298441 -0.120355 0.045745 0.042931 0.135032 154.797038 119.242626
0.279749 0.332569 0.323766 0.268012 0.236711 0.218615 0.301269 0.275837 -0.325722 -0.233777 -0.490051 -0.298334 -0.124469 0.054532 0.039126 0.137429 154.765426 119.247384
0.280295 0.331258 0.325378 0.256774 0.243053 0.215612 0.297936 0.277355 -0.326358 -0.234233 -0.491007 -0.303817 -0.124957 0.054760 0.039202 0.138678 154.672471 119.274289
0.276950 0.332732 0.323924 0.268143 0.236827 0.218722 0.301416 0.275972 -0.325881 -0.233891 -0.490290 -0.298480 -0.124530 0.054558 0.039145 0.137496 154.256712 119.285393
0.277678 0.332432 0.323632 0.266923 0.237102 0.219014 0.301144 0.275723 -0.326565 -0.232702 -0.492781 -0.298211 -0.120507 0.045343 0.043509 0.139328 154.248600 119.293081
0.278336 0.332239 0.323418 0.267555 0.237664 0.219042 0.300877 0.276376 -0.326359 -0.232763 -0.491988 -0.298917 -0.120547 0.045818 0.043000 0.136228 154.145062 119.295470
0.278213 0.332092 0.323276 0.267437 0.237069 0.218946 0.301724 0.276254 -0.326214 -0.232660 -0.492750 -0.298785 -0.120494 0.045797 0.042981 0.135188 153.994163 119.310259
0.277964 0.331795 0.322986 0.267198 0.236857 0.218750 0.300475 0.276985 -0.327880 -0.233921 -0.492310 -0.298518 -0.121120 0.051751 0.043065 0.139961 153.889496 119.331073
0.277740 0.331528 0.322726 0.266983 0.237155 0.218574 0.300233 0.276762 -0.327616 -0.234221 -0.492891 -0.298277 -0.121267 0.051710 0.043030 0.139848 153.675184 119.351889
0.277740 0.331528 0.322726 0.266982 0.237155 0.218574 0.300233 0.276762 -0.327616 -0.234221 -0.492891 -0.298277 -0.121267 0.051710 0.043030 0.134469 153.580432 119.366854
0.284453 0.332351 0.304003 0.264903 0.254150 0.221404 0.293251 0.269790 -0.369496 -0.156400 -0.588456 -0.268813 -0.073557 0.010386 0.094818 0.124143 153.107121 119.391139
0.284144 0.331990 0.303673 0.264616 0.253875 0.221164 0.292932 0.269498 -0.369095 -0.158672 -0.587818 -0.268521 -0.073477 0.010375 0.094715 0.124008 152.969452 119.422822
0.285361 0.329489 0.304974 0.264768 0.243685 0.221621 0.295167 0.270652 -0.372637 -0.156900 -0.590335 -0.269671 -0.073302 0.010450 0.093159 0.126500 152.505025 119.534901
0.287510 0.324545 0.305053 0.265094 0.248526 0.221237 0.292383 0.270942 -0.363530 -0.162273 -0.590614 -0.269967 -0.073339 0.010325 0.093075 0.142780 150.714212 119.625497
0.286355 0.323493 0.303947 0.263877 0.247262 0.217943 0.302970 0.277559 -0.366496 -0.164190 -0.592257 -0.268763 -0.073299 0.010354 0.081851 0.142689 150.442015 119.692469
0.289492 0.320788 0.303184 0.264064 0.243036 0.221520 0.300250 0.275800 -0.361865 -0.173108 -0.588764 -0.268954 -0.073106 0.010300 0.086065 0.142790 149.767732 119.767801
0.288680 0.320864 0.305260 0.274051 0.245281 0.220899 0.292581 0.271126 -0.363776 -0.158969 -0.591015 -0.270150 -0.073389 0.010332 0.093138 0.124347 149.217973 119.771028
0.288620 0.320906 0.305252 0.273944 0.245571 0.221112 0.294490 0.272966 -0.363954 -0.158985 -0.590936 -0.270031 -0.073378 0.010334 0.086097 0.128167 149.150520 119.784526
0.292619 0.318065 0.306321 0.266196 0.244176 0.222156 0.293598 0.272067 -0.365040 -0.162947 -0.593068 -0.269132 -0.073155 0.010307 0.085143 0.141906 148.871318 119.806595
0.291495 0.317906 0.306168 0.266063 0.244054 0.222045 0.293451 0.271932 -0.364858 -0.162866 -0.592772 -0.270954 -0.073607 0.010363 0.093415 0.143302 148.776621 119.807735
0.294744 0.317192 0.303528 0.264489 0.243018 0.221058 0.294744 0.267417 -0.361111 -0.173235 -0.589489 -0.269369 -0.073198 0.010309 0.085154 0.142004 148.587783 119.843282
0.288504 0.317843 0.305129 0.266010 0.244494 0.221512 0.293393 0.269922 -0.371632 -0.162833 -0.592655 -0.270900 -0.073593 0.010391 0.093886 0.135939 148.355455 119.895356
0.287236 0.317420 0.303788 0.264841 0.243420 0.221512 0.295025 0.267762 -0.362209 -0.173802 -0.590050 -0.269709 -0.073269 0.010345 0.085440 0.142157 147.745871 119.965315
0.291449 0.313943 0.297317 0.266020 0.244504 0.222498 0.293405 0.271888 -0.360888 -0.178488 -0.592677 -0.270910 -0.073596 0.010361 0.093400 0.143279 147.130862 120.012351
0.304519 0.304519 0.307456 0.281019 0.215415 0.239405 0.285915 0.269269 -0.318227 -0.234999 -0.534622 -0.273186 -0.133166 0.061320 0.090083 0.142468 145.827836 120.039436
0.302886 0.299003 0.330068 0.253376 0.241241 0.230077 0.289295 0.266967 -0.314536 -0.234931 -0.531993 -0.269879 -0.132998 0.052059 0.080090 0.139794 144.926304 120.042953
0.305479 0.301563 0.304500 0.281002 0.225683 0.232536 0.291772 0.269253 -0.317229 -0.237432 -0.536547 -0.272190 -0.133158 0.061439 0.090077 0.142459 144.916227 120.118912
0.305449 0.301533 0.304470 0.280974 0.225660 0.221744 0.291743 0.269226 -0.317197 -0.237408 -0.536494 -0.272163 -0.134123 0.052621 0.080768 0.142935 144.873684 120.184766
0.298561 0.302490 0.310347 0.281865 0.221466 0.219993 0.304454 0.279901 -0.370255 -0.165485 -0.591230 -0.271062 -0.072676 0.010220 0.082252 0.145843 144.659129 120.297428
0.297530 0.301445 0.309275 0.280892 0.220701 0.219233 0.304381 0.278934 -0.368977 -0.164914 -0.595060 -0.271105 -0.073648 0.010399 0.081968 0.143382 144.462301 120.374674
0.297235 0.301146 0.308968 0.280613 0.220482 0.219015 0.303102 0.278658 -0.368611 -0.164750 -0.596426 -0.270836 -0.073575 0.010389 0.081886 0.143240 144.399226 120.398291
0.296677 0.300593 0.307447 0.280031 0.220304 0.231564 0.295697 0.277094 -0.359341 -0.179181 -0.589437 -0.270240 -0.072456 0.010189 0.080044 0.145401 144.110566 120.413871
0.306093 0.292358 0.311980 0.287453 0.224665 0.216816 0.297264 0.272737 -0.365939 -0.163348 -0.594528 -0.271756 -0.073825 0.010393 0.093692 0.143727 142.534233 120.415968
0.315129 0.284696 0.318074 0.294513 0.217940 0.219412 0.307275 0.278806 -0.366178 -0.182598 -0.551721 -0.327891 -0.011535 0.013805 0.081236 0.135967 141.878010 120.479775
0.313893 0.283579 0.316827 0.293358 0.217085 0.218063 0.306070 0.277712 -0.364742 -0.181882 -0.549557 -0.338339 -0.011490 0.008831 0.081162 0.143256 141.822018 120.500743
0.313932 0.283614 0.316866 0.293394 0.217112 0.218579 0.306108 0.277746 -0.364787 -0.181904 -0.549625 -0.338381 -0.011491 0.013753 0.080928 0.135450 141.770497 120.517268
0.313525 0.283341 0.316446 0.293078 0.217131 0.218591 0.305736 0.277499 -0.367078 -0.164065 -0.593946 -0.269710 -0.073270 0.010345 0.081546 0.142644 141.598581 120.566975
0.331328 0.272686 0.322531 0.271708 0.220396 0.216976 0.302984 0.278550 -0.366513 -0.182768 -0.551235 -0.351852 -0.011545 0.017409 0.081366 0.143673 141.165367 120.587274
0.331625 0.272757 0.322795 0.288455 0.217813 0.218794 0.298266 0.274719 -0.363021 -0.182492 -0.547475 -0.343399 -0.011682 0.017477 0.085359 0.135888 141.124751 120.635369
0.329950 0.271205 0.321138 0.286871 0.216866 0.217845 0.305473 0.277080 -0.364218 -0.181619 -0.548285 -0.349532 -0.011474 0.008873 0.081019 0.142946 141.041372 120.668909
0.328414 0.269943 0.319643 0.285535 0.217319 0.218780 0.299178 0.275790 -0.362522 -0.158847 -0.602255 -0.279688 -0.074064 0.016993 0.081860 0.158360 140.740659 120.737718
0.327694 0.269003 0.321825 0.280741 0.215202 0.214713 0.298349 0.268025 -0.369757 -0.165804 -0.600610 -0.276828 -0.062604 0.008620 0.079478 0.158467 140.650447 120.878621
0.314709 0.269611 0.322552 0.281375 0.215688 0.215198 0.304905 0.278434 -0.370592 -0.166178 -0.601967 -0.277454 -0.062746 0.008640 0.079658 0.158825 139.214676 121.070430
0.330182 0.255940 0.321390 0.287200 0.218819 0.220284 0.300876 0.277431 -0.365349 -0.159718 -0.605659 -0.281338 -0.082301 0.017095 0.082301 0.156299 138.991347 121.076692
0.331514 0.250347 0.322713 0.283596 0.215631 0.217098 0.297287 0.273817 -0.361830 -0.181893 -0.598486 -0.277729 -0.073588 0.016869 0.081167 0.156956 138.529024 121.250432
0.366657 0.221950 0.316792 0.287459 0.220483 0.217061 0.303103 0.272793 -0.367635 -0.184795 -0.606206 -0.282570 -0.075042 0.017416 0.081153 0.143730 137.263390 121.274931
