0.292284 0.390038 0.442825 0.396881 0.245362 0.323565 0.264913 0.261003 -0.224345 -0.076492 -0.200884 -0.170581 -0.192086 -0.112173 0.144187 0.154940 229.933751 119.586719
0.293218 0.389980 0.442759 0.396822 0.245326 0.323517 0.264874 0.260964 -0.224312 -0.076481 -0.200854 -0.170555 -0.192058 -0.112645 0.144166 0.155406 229.869057 119.595492
0.292230 0.389966 0.442743 0.396807 0.245317 0.323505 0.261932 0.260955 -0.226258 -0.076478 -0.200847 -0.170549 -0.192051 -0.111907 0.145138 0.155400 229.747251 119.601473
0.293148 0.389887 0.442654 0.396727 0.245267 0.323440 0.264811 0.260902 -0.226213 -0.076463 -0.200807 -0.170515 -0.192012 -0.112618 0.144131 0.155369 229.631062 119.602225
0.292161 0.387919 0.440684 0.396713 0.244282 0.322452 0.264801 0.259916 -0.225716 -0.075972 -0.207639 -0.169043 -0.190051 -0.107972 0.149012 0.152432 229.491748 119.851679
0.292613 0.388519 0.441366 0.395370 0.242702 0.322950 0.265211 0.260318 -0.226065 -0.075355 -0.207961 -0.169304 -0.190345 -0.108139 0.149242 0.152667 229.380152 119.872597
0.292520 0.388397 0.441226 0.395245 0.242626 0.322848 0.265127 0.260235 -0.225994 -0.076065 -0.207895 -0.169251 -0.190285 -0.108105 0.149195 0.152619 229.346992 119.884633
0.292693 0.387647 0.441487 0.395479 0.242769 0.323039 0.265284 0.260389 -0.226128 -0.076110 -0.208018 -0.169351 -0.190397 -0.108169 0.171798 0.139494 229.337699 119.947919
0.290383 0.386199 0.438996 0.394999 0.243452 0.320692 0.260073 0.259096 -0.224875 -0.075529 -0.206788 -0.177945 -0.189189 -0.107549 0.147636 0.152035 228.961767 119.948913
0.290901 0.386246 0.438783 0.395002 0.243228 0.321061 0.261713 0.258795 -0.224743 -0.075644 -0.206744 -0.178043 -0.189231 -0.107507 0.148369 0.152747 228.942025 119.986341
0.291009 0.387042 0.439424 0.393832 0.243478 0.321080 0.258998 0.257058 -0.257058 -0.074692 -0.192551 -0.211952 -0.131924 -0.116889 0.144050 0.151810 228.394426 120.053682
0.291556 0.391040 0.437334 0.393010 0.242799 0.321106 0.263977 0.260037 -0.226055 -0.075844 -0.195520 -0.215220 -0.133958 -0.118691 0.146271 0.154150 228.267431 120.197574
0.292851 0.385898 0.437808 0.392754 0.241431 0.321255 0.261509 0.259551 -0.258571 -0.075417 -0.194418 -0.212538 -0.132714 -0.117043 0.144467 0.151813 227.709863 120.205313
0.292583 0.385544 0.438385 0.391415 0.241209 0.320960 0.261269 0.259312 -0.258334 -0.075347 -0.194240 -0.213810 -0.133081 -0.117914 0.145313 0.153141 227.626275 120.249987
0.292578 0.385538 0.438378 0.391409 0.241206 0.320955 0.263222 0.259308 -0.258330 -0.075346 -0.194237 -0.213807 -0.133079 -0.117912 0.145311 0.153139 227.570466 120.262645
0.291932 0.385663 0.437410 0.391521 0.240185 0.320247 0.260689 0.252878 -0.223587 -0.073715 -0.189414 -0.242138 -0.128880 -0.071518 0.143037 0.148895 227.373476 120.776816
0.297800 0.389811 0.433343 0.380906 0.233985 0.323523 0.253278 0.251794 -0.220629 -0.141480 -0.157309 -0.213703 -0.184517 -0.000105 0.148900 0.139995 225.756391 121.172120
0.296461 0.387375 0.430856 0.378481 0.233216 0.318201 0.255944 0.253968 -0.221357 -0.142795 -0.161077 -0.215922 -0.186276 -0.000106 0.150207 0.141313 224.863298 121.429096
0.293340 0.385253 0.428277 0.376453 0.231250 0.315830 0.250317 0.248850 -0.218538 -0.166226 -0.155470 -0.211205 -0.182360 -0.000038 0.162315 0.138848 224.267153 121.717416
0.294513 0.384530 0.427581 0.375724 0.230914 0.315060 0.249993 0.248526 -0.218194 -0.165847 -0.155084 -0.214769 -0.181991 -0.000038 0.162911 0.138939 223.836066 121.761064
0.292432 0.383390 0.426423 0.374587 0.230327 0.313949 0.250377 0.247443 -0.262113 -0.124699 -0.190228 -0.201964 -0.174090 -0.009719 0.170178 0.137414 223.140644 121.878227
0.293203 0.383118 0.426121 0.374322 0.230653 0.314704 0.250200 0.246779 -0.218925 -0.154420 -0.179342 -0.200844 -0.176899 -0.000037 0.170058 0.137317 223.139329 122.076444
0.292888 0.381730 0.427616 0.372943 0.229917 0.313390 0.249931 0.246026 -0.218201 -0.157671 -0.178661 -0.200140 -0.176221 -0.000073 0.169387 0.139122 223.038542 122.151530
0.292686 0.382744 0.424836 0.373934 0.229548 0.313243 0.249126 0.246679 -0.218781 -0.158090 -0.179136 -0.200671 -0.176689 -0.000073 0.169836 0.139002 222.747207 122.169107
0.291752 0.381823 0.423921 0.373011 0.229094 0.312311 0.248674 0.246716 -0.223709 -0.158603 -0.180142 -0.201681 -0.174268 -0.000037 0.170841 0.138044 222.565206 122.244584
0.292385 0.382350 0.424398 0.373549 0.229312 0.312921 0.248870 0.246914 -0.216600 -0.158416 -0.180418 -0.201932 -0.174551 -0.000037 0.171128 0.138858 222.049591 122.254906
0.292579 0.382006 0.424775 0.373258 0.229398 0.312992 0.248838 0.246894 -0.216276 -0.158926 -0.180311 -0.201695 -0.174478 -0.000037 0.171076 0.139000 221.977125 122.264831
0.292834 0.382936 0.425050 0.374122 0.230154 0.313401 0.249741 0.247782 -0.216442 -0.159149 -0.180695 -0.209097 -0.146417 -0.000038 0.147396 0.142989 221.813774 122.291612
0.283868 0.387455 0.442237 0.328690 0.250501 0.295821 0.253489 0.250999 -0.214146 -0.160859 -0.182273 -0.204186 -0.179783 -0.000037 0.172811 0.140440 221.782981 122.428364
0.279630 0.388158 0.443888 0.323628 0.250298 0.295274 0.250298 0.247854 -0.219011 -0.163769 -0.180391 -0.205812 -0.177946 -0.000038 0.174035 0.144215 221.609192 122.491622
0.279000 0.387663 0.443463 0.324031 0.250610 0.294663 0.250121 0.248163 -0.219284 -0.163974 -0.180616 -0.206068 -0.178168 -0.000038 0.174252 0.144395 221.532930 122.519429
0.278933 0.387569 0.443356 0.322975 0.250061 0.294592 0.249082 0.243699 -0.218742 -0.158551 -0.176657 -0.240273 -0.129190 -0.000037 0.178615 0.139956 221.173508 122.784611
0.278642 0.387165 0.442894 0.321660 0.249311 0.294285 0.248822 0.243445 -0.218514 -0.161319 -0.177940 -0.238068 -0.129055 -0.000074 0.178429 0.139810 220.794405 122.850305
0.279665 0.386251 0.440033 0.322691 0.249352 0.293355 0.249352 0.249841 -0.220505 -0.161834 -0.178458 -0.239084 -0.130543 -0.000037 0.172102 0.140322 220.428465 122.887023
0.289372 0.383222 0.420372 0.369536 0.227783 0.309902 0.247824 0.243913 -0.228760 -0.065011 -0.264932 -0.221428 -0.130022 0.102160 0.113647 0.138332 220.064900 123.146443
0.280981 0.386716 0.441542 0.323080 0.250631 0.295667 0.252589 0.242799 -0.231540 -0.065595 -0.267275 -0.223708 -0.131190 0.103288 0.115036 0.139022 219.823450 123.204996
0.283811 0.386570 0.441375 0.322957 0.250536 0.295555 0.252494 0.250047 -0.230963 -0.065570 -0.267174 -0.223623 -0.131140 0.103248 0.114748 0.137991 219.758474 123.218095
0.283987 0.386457 0.441108 0.323023 0.250807 0.295698 0.252759 0.249831 -0.230801 -0.065629 -0.267397 -0.223481 -0.131259 0.103202 0.114668 0.139066 219.755457 123.239226
0.283949 0.386404 0.441047 0.321028 0.250773 0.295658 0.252724 0.249797 -0.230769 -0.068060 -0.267361 -0.223451 -0.131241 0.107091 0.113921 0.139047 219.624176 123.289834
0.285545 0.387246 0.437118 0.322705 0.249363 0.293368 0.253274 0.250341 -0.231272 -0.064297 -0.269899 -0.223938 -0.138372 0.105857 0.119059 0.142772 219.385340 123.357867
0.285633 0.387365 0.437253 0.321826 0.248461 0.293458 0.253352 0.250418 -0.231343 -0.065050 -0.269982 -0.224006 -0.138414 0.107357 0.119095 0.142816 219.344056 123.380328
0.285473 0.387149 0.437009 0.321646 0.248323 0.293295 0.253211 0.250278 -0.231214 -0.066236 -0.269831 -0.223882 -0.138337 0.107297 0.119029 0.142737 219.306712 123.396724
0.281093 0.383932 0.436820 0.321249 0.248282 0.290887 0.248282 0.241426 -0.262484 -0.068314 -0.267381 -0.219390 -0.136629 0.100145 0.126835 0.141036 218.962238 123.455421
0.280817 0.384534 0.436392 0.320934 0.248039 0.290602 0.249507 0.244125 -0.265162 -0.068247 -0.267119 -0.219175 -0.136495 0.100047 0.126710 0.140898 218.841781 123.467117
0.280764 0.384461 0.436309 0.320873 0.247992 0.290546 0.249459 0.244079 -0.265111 -0.068234 -0.267068 -0.219622 -0.136469 0.100028 0.126686 0.140871 218.823786 123.471086
0.280656 0.384314 0.436142 0.320750 0.247897 0.290435 0.249364 0.243985 -0.265010 -0.068208 -0.266966 -0.220516 -0.136417 0.099990 0.126638 0.140817 218.780493 123.479072
0.280413 0.383980 0.435764 0.320472 0.247682 0.290184 0.250125 0.244751 -0.263803 -0.071080 -0.266734 -0.219347 -0.136298 0.099903 0.126528 0.139718 218.694620 123.510241
0.279954 0.383713 0.435593 0.320087 0.247162 0.290722 0.250099 0.244715 -0.264292 -0.071212 -0.265271 -0.224159 -0.126273 0.073659 0.141935 0.139977 218.682981 123.526849
0.279561 0.384152 0.434981 0.319638 0.246326 0.290313 0.249259 0.243882 -0.264898 -0.071356 -0.265876 -0.224333 -0.126096 0.073800 0.145645 0.139780 218.627420 123.570971
0.279462 0.384016 0.434827 0.319525 0.246239 0.290211 0.249171 0.243796 -0.264805 -0.072064 -0.265782 -0.224254 -0.126051 0.073774 0.145594 0.139731 218.567817 123.583178
0.279742 0.383422 0.435262 0.319844 0.247464 0.289523 0.248931 0.243551 -0.264092 -0.075804 -0.266048 -0.219098 -0.131068 0.100257 0.126666 0.140360 218.461662 123.613190
0.279928 0.383316 0.435010 0.319918 0.247254 0.289682 0.248717 0.243352 -0.264322 -0.075834 -0.266273 -0.218968 -0.131186 0.099974 0.126309 0.140452 218.398557 123.616833
0.280345 0.382910 0.434681 0.319418 0.247622 0.290113 0.248110 0.244691 -0.262762 -0.075947 -0.265693 -0.219294 -0.136754 0.100123 0.128451 0.140173 218.285251 123.622785
0.280821 0.380625 0.434441 0.322895 0.246085 0.290606 0.248531 0.243150 -0.264187 -0.075587 -0.265165 -0.220645 -0.135029 0.100049 0.128669 0.139921 218.232029 123.658624
0.280717 0.380484 0.434280 0.322776 0.245994 0.290498 0.247950 0.244527 -0.263111 -0.076048 -0.266045 -0.219096 -0.136935 0.100012 0.128621 0.139869 218.208093 123.670827
0.280459 0.381112 0.434858 0.318570 0.246257 0.290231 0.249188 0.245768 -0.264824 -0.075978 -0.266778 -0.219384 -0.132412 0.073535 0.144627 0.139741 218.083967 123.677498
0.281678 0.381439 0.435232 0.318844 0.246468 0.290481 0.249402 0.244023 -0.265051 -0.076288 -0.267007 -0.219572 -0.131059 0.100005 0.126168 0.140350 218.003326 123.698733
0.282624 0.381395 0.435182 0.318807 0.246440 0.290447 0.249374 0.245951 -0.265021 -0.076035 -0.266977 -0.219547 -0.131532 0.100238 0.126643 0.139845 217.988530 123.700938
0.282227 0.380861 0.434572 0.318360 0.246094 0.290040 0.249024 0.245606 -0.264649 -0.075928 -0.265626 -0.224122 -0.125977 0.073731 0.145508 0.139649 217.961134 123.726657
0.282200 0.381166 0.435059 0.318455 0.246435 0.290039 0.249375 0.243986 -0.265543 -0.076184 -0.267502 -0.219489 -0.131302 0.100191 0.126892 0.140610 217.881487 123.726810
0.280273 0.381922 0.436200 0.312840 0.244252 0.292116 0.250174 0.246720 -0.265470 -0.076236 -0.267444 -0.221061 -0.139150 0.102142 0.126814 0.142110 217.680711 123.779176
0.282816 0.380677 0.433521 0.318046 0.243183 0.292603 0.250033 0.244651 -0.265202 -0.076331 -0.267159 -0.221164 -0.138962 0.102264 0.126729 0.142387 217.501100 123.796594
0.282769 0.380613 0.433449 0.317993 0.243142 0.292553 0.250480 0.245099 -0.264179 -0.075340 -0.267114 -0.223573 -0.137960 0.101513 0.132089 0.140895 217.497404 123.826326
0.282499 0.378295 0.435967 0.315734 0.244376 0.291297 0.251219 0.246820 -0.265881 -0.076490 -0.268814 -0.220427 -0.137339 0.104349 0.126098 0.139783 217.303508 123.856523
0.282002 0.377961 0.435732 0.315294 0.244304 0.290814 0.250668 0.244793 -0.265356 -0.076375 -0.268293 -0.222762 -0.137574 0.101344 0.131699 0.140511 217.229930 123.900533
0.282185 0.377874 0.435482 0.315383 0.244105 0.290973 0.250939 0.244593 -0.265586 -0.076405 -0.268515 -0.222623 -0.137675 0.101303 0.131816 0.140604 217.160813 123.910690
0.277622 0.382219 0.431096 0.310858 0.242919 0.289353 0.248296 0.246341 -0.233144 -0.158851 -0.204795 -0.239009 -0.130013 0.072827 0.146143 0.140277 216.923279 123.920614
0.278089 0.381882 0.430841 0.311381 0.242838 0.289839 0.248223 0.246265 -0.233046 -0.159118 -0.204650 -0.238921 -0.130232 0.072949 0.146388 0.140513 216.866801 123.936712
0.277394 0.378975 0.432695 0.310603 0.242720 0.289115 0.249557 0.244673 -0.233929 -0.156767 -0.206092 -0.241255 -0.130395 0.073500 0.145046 0.140162 216.621846 123.990529
0.278495 0.378167 0.432889 0.310742 0.242340 0.290221 0.249669 0.243805 -0.234034 -0.160745 -0.204718 -0.238431 -0.130453 0.073288 0.144133 0.139736 216.487086 124.006607
0.278567 0.378265 0.433001 0.310823 0.242403 0.290297 0.249733 0.246312 -0.234094 -0.160787 -0.204772 -0.239959 -0.131953 0.103608 0.126577 0.138306 216.346132 124.056573
0.277706 0.378423 0.432204 0.309975 0.242015 0.289440 0.249838 0.245926 -0.234681 -0.160365 -0.205835 -0.240548 -0.132497 0.100228 0.126630 0.140320 216.191307 124.092650
0.276536 0.377183 0.431904 0.308782 0.242335 0.288262 0.249664 0.244778 -0.236961 -0.160743 -0.206180 -0.240870 -0.129962 0.073287 0.144619 0.140222 215.959685 124.131652
0.278565 0.378262 0.430066 0.310820 0.242401 0.289317 0.249731 0.246310 -0.234581 -0.161275 -0.206236 -0.240935 -0.132441 0.100430 0.126576 0.140260 215.738075 124.143301
0.278875 0.377705 0.429566 0.310188 0.241692 0.288660 0.248542 0.245117 -0.234353 -0.160965 -0.209401 -0.238756 -0.126717 0.072165 0.142373 0.140416 215.529808 124.160399
0.278875 0.377704 0.429565 0.310187 0.241691 0.288660 0.249030 0.246584 -0.234352 -0.160964 -0.209401 -0.238756 -0.126717 0.072165 0.142373 0.140416 215.511314 124.167841
0.278839 0.377311 0.429959 0.308088 0.241303 0.289564 0.248616 0.245203 -0.233991 -0.160869 -0.209617 -0.239353 -0.130645 0.073366 0.144294 0.139907 215.250887 124.192679
0.276733 0.376474 0.429278 0.309980 0.242997 0.286511 0.250331 0.247886 -0.236641 -0.162324 -0.208283 -0.241041 -0.132499 0.104142 0.125165 0.139344 215.150454 124.271827
0.267059 0.374665 0.431403 0.311080 0.242603 0.287602 0.247983 0.247005 -0.254342 -0.109563 -0.266081 -0.213256 -0.134997 0.102960 0.115188 0.139888 214.885999 124.293946
0.267539 0.373968 0.430601 0.312454 0.241664 0.288043 0.247034 0.246057 -0.254845 -0.109359 -0.266562 -0.212859 -0.136210 0.102768 0.113509 0.140116 214.688576 124.299687
0.266927 0.370569 0.432168 0.314837 0.242483 0.287460 0.247861 0.246883 -0.254216 -0.109753 -0.265949 -0.213151 -0.135908 0.102909 0.113908 0.138352 214.685355 124.319594
0.267053 0.369766 0.432372 0.314986 0.242598 0.287596 0.247489 0.246511 -0.254337 -0.109805 -0.266075 -0.213252 -0.135972 0.102957 0.113962 0.139885 214.644402 124.361783
0.267306 0.370116 0.431802 0.315284 0.242338 0.287868 0.247723 0.246744 -0.254577 -0.109664 -0.266327 -0.212964 -0.136101 0.102810 0.113825 0.140017 214.597311 124.362669
0.267531 0.370052 0.431564 0.315374 0.242145 0.288035 0.247515 0.246538 -0.254838 -0.109600 -0.266554 -0.212853 -0.136206 0.102765 0.113749 0.140112 214.532683 124.370788
0.267565 0.370474 0.432220 0.312649 0.242573 0.288147 0.247963 0.246983 -0.254824 -0.109770 -0.266585 -0.213660 -0.136233 0.103155 0.114181 0.140153 214.494318 124.390439
0.267096 0.369826 0.432442 0.312102 0.241659 0.287642 0.248018 0.247040 -0.254377 -0.109823 -0.268075 -0.213286 -0.135994 0.102974 0.113981 0.139908 214.430001 124.429089
0.268982 0.375597 0.428416 0.309085 0.242084 0.285610 0.257245 0.242084 -0.255289 -0.110283 -0.268982 -0.215186 -0.128622 0.105392 0.115173 0.138404 214.172380 124.437399
0.268937 0.375534 0.428343 0.309033 0.242043 0.285562 0.257201 0.242043 -0.256224 -0.110264 -0.268937 -0.215150 -0.128601 0.105374 0.114665 0.139358 214.071404 124.452942
0.269383 0.376157 0.427095 0.309546 0.242445 0.286036 0.257629 0.242445 -0.255669 -0.109713 -0.269383 -0.215507 -0.128814 0.105549 0.114855 0.139590 214.039581 124.455045
0.269596 0.376454 0.425472 0.309790 0.242637 0.286262 0.257832 0.242637 -0.255871 -0.110534 -0.269596 -0.215677 -0.128916 0.105633 0.115436 0.138719 213.780108 124.476272
0.269617 0.373166 0.427870 0.309669 0.243241 0.284270 0.255941 0.245684 -0.253987 -0.117225 -0.266686 -0.213447 -0.127970 0.105014 0.113073 0.136762 213.777588 124.506423
0.268415 0.373829 0.427513 0.308434 0.241574 0.285008 0.256703 0.246454 -0.254751 -0.117371 -0.267439 -0.213756 -0.128351 0.105170 0.114443 0.135184 213.645164 124.523859
0.270077 0.371845 0.428601 0.309219 0.242189 0.285734 0.257356 0.242189 -0.254420 -0.117425 -0.267141 -0.213322 -0.128189 0.105193 0.113266 0.139442 213.616085 124.583791
0.267843 0.374394 0.426203 0.307922 0.240961 0.285439 0.257090 0.241939 -0.257090 -0.117548 -0.267843 -0.214079 -0.128545 0.105329 0.114615 0.139298 213.412420 124.600737
0.267485 0.373893 0.425632 0.307510 0.240638 0.285056 0.256746 0.241615 -0.256746 -0.117391 -0.267485 -0.216233 -0.130814 0.105188 0.114462 0.139111 213.188195 124.618214
0.272981 0.386479 0.424637 0.271024 0.267111 0.259283 0.262219 0.254391 -0.260262 -0.112275 -0.273960 -0.219657 -0.131598 0.073137 0.139426 0.152635 212.582518 124.680985
0.274835 0.386334 0.424479 0.270923 0.267011 0.259186 0.263099 0.255274 -0.260164 -0.112233 -0.273857 -0.219575 -0.131549 0.073110 0.139374 0.153067 212.522095 124.684804
0.272844 0.386284 0.425401 0.270888 0.266976 0.259153 0.263064 0.252307 -0.261108 -0.120530 -0.273822 -0.209278 -0.126643 0.073101 0.135444 0.149624 212.455052 124.695700
0.272729 0.386122 0.424246 0.270774 0.266864 0.259044 0.262954 0.252201 -0.260022 -0.120724 -0.273707 -0.210168 -0.131477 0.072581 0.139297 0.151028 212.388645 124.739118
0.279058 0.378932 0.429847 0.271225 0.267308 0.259475 0.261433 0.252621 -0.256538 -0.112358 -0.274162 -0.219819 -0.131696 0.073192 0.135123 0.152258 212.360626 124.741260
0.274072 0.385261 0.423299 0.270170 0.266269 0.258466 0.262368 0.254565 -0.259442 -0.119724 -0.272121 -0.217502 -0.130696 0.072663 0.138987 0.152641 212.160961 124.789524
0.276204 0.383563 0.423579 0.270349 0.266445 0.258637 0.264493 0.255709 -0.259613 -0.122730 -0.263517 -0.229845 -0.130294 0.102235 0.119558 0.152254 211.868506 124.824924
0.275779 0.382753 0.424954 0.268909 0.264983 0.260076 0.264983 0.253206 -0.262039 -0.121205 -0.274797 -0.211005 -0.132001 0.072870 0.139852 0.151629 211.766469 124.861134
0.275255 0.382026 0.423168 0.272316 0.264480 0.259582 0.264480 0.255664 -0.260562 -0.120240 -0.265459 -0.231665 -0.130281 0.102363 0.118036 0.152321 211.677621 124.866595
0.276558 0.382851 0.424187 0.267700 0.263764 0.260811 0.264748 0.253922 -0.261795 -0.121548 -0.275574 -0.211601 -0.132374 0.073076 0.140247 0.152058 211.594735 124.895730
0.274934 0.381581 0.422675 0.271999 0.264172 0.259280 0.264172 0.255366 -0.260258 -0.120345 -0.272977 -0.218675 -0.132575 0.072647 0.142848 0.150187 211.523469 124.908897
0.274525 0.381013 0.422045 0.271594 0.263778 0.258894 0.263778 0.254986 -0.260847 -0.124806 -0.264755 -0.231050 -0.129935 0.102092 0.117723 0.153382 211.269317 124.969282
0.275681 0.381261 0.422319 0.266882 0.262972 0.260039 0.265905 0.254174 -0.260039 -0.123910 -0.273726 -0.219469 -0.130997 0.073564 0.139307 0.153971 210.890111 125.032002
0.275090 0.380443 0.421414 0.266310 0.262408 0.259482 0.265335 0.253629 -0.259482 -0.123644 -0.276065 -0.219974 -0.131204 0.072674 0.139008 0.153153 210.253084 125.085431
0.267059 0.376622 0.423578 0.269016 0.265103 0.258255 0.265103 0.254342 -0.243582 -0.136954 -0.257277 -0.240158 -0.133530 0.073123 0.134997 0.153095 210.215834 125.112509
0.266909 0.376410 0.423339 0.268864 0.264954 0.258110 0.265931 0.253221 -0.243933 -0.136876 -0.257132 -0.241978 -0.131499 0.072593 0.134921 0.152519 210.077794 125.126713
0.266617 0.375999 0.422876 0.268570 0.264664 0.257828 0.264664 0.253921 -0.243178 -0.140145 -0.256851 -0.239760 -0.132820 0.070805 0.133797 0.152841 210.015116 125.147782
0.267260 0.375926 0.422917 0.269218 0.265302 0.258449 0.266281 0.253555 -0.243765 -0.137057 -0.257470 -0.241807 -0.131672 0.072689 0.135099 0.152720 209.969117 125.152856
0.266561 0.375920 0.422787 0.268514 0.262656 0.259726 0.265585 0.253868 -0.243127 -0.139139 -0.257773 -0.241174 -0.131816 0.072743 0.134745 0.150856 209.935790 125.164043
0.268181 0.376824 0.419890 0.273075 0.260351 0.259372 0.266224 0.254479 -0.243712 -0.137516 -0.258394 -0.240776 -0.131644 0.070960 0.134580 0.153176 209.892598 125.164953
0.268185 0.376830 0.419896 0.273079 0.260355 0.259376 0.266228 0.254482 -0.243716 -0.139476 -0.258397 -0.238822 -0.131156 0.073898 0.135071 0.152689 209.877605 125.197868
0.267232 0.373929 0.427767 0.261359 0.262338 0.261359 0.266253 0.254507 -0.245207 -0.139489 -0.258422 -0.238355 -0.138021 0.074150 0.133616 0.154662 209.852553 125.217575
0.266943 0.373524 0.427304 0.261076 0.262054 0.261076 0.265965 0.254231 -0.244942 -0.139338 -0.258142 -0.242497 -0.133471 0.072603 0.133471 0.154494 209.771853 125.255879
0.268347 0.373523 0.426602 0.261466 0.262449 0.261466 0.266381 0.254585 -0.244264 -0.139580 -0.258517 -0.242298 -0.132699 0.074705 0.133682 0.154324 209.653809 125.279066
0.267169 0.367970 0.429624 0.264233 0.263255 0.259340 0.266191 0.254447 -0.244661 -0.137499 -0.258362 -0.244171 -0.133585 0.070952 0.134563 0.153158 209.514751 125.344070
0.266162 0.367930 0.429578 0.264205 0.263226 0.259312 0.266162 0.254420 -0.245124 -0.137484 -0.258334 -0.244634 -0.133570 0.070944 0.134549 0.153141 209.466671 125.352256
0.266090 0.367831 0.429462 0.264134 0.263155 0.259242 0.265112 0.254351 -0.245547 -0.137447 -0.258264 -0.245057 -0.133534 0.070925 0.134513 0.153100 209.430760 125.357610
0.265995 0.368676 0.428330 0.263061 0.262083 0.260127 0.265017 0.252304 -0.247414 -0.140332 -0.261105 -0.238613 -0.133486 0.071144 0.134464 0.153045 209.138505 125.401449
0.266361 0.368205 0.427941 0.263423 0.262444 0.258527 0.266361 0.252651 -0.247265 -0.140525 -0.261465 -0.238452 -0.133670 0.071242 0.133181 0.153256 209.031960 125.419513
0.267196 0.367028 0.428688 0.263281 0.262302 0.258387 0.266217 0.252515 -0.247621 -0.140449 -0.261324 -0.238813 -0.133598 0.071203 0.133109 0.153173 208.900792 125.439680
0.266907 0.367608 0.427246 0.262996 0.262018 0.258107 0.265929 0.252241 -0.246864 -0.140297 -0.261041 -0.241976 -0.132964 0.070882 0.133942 0.153007 208.800942 125.456504
0.266967 0.371603 0.423432 0.259144 0.262078 0.258166 0.265990 0.256210 -0.246920 -0.140329 -0.260122 -0.247898 -0.133484 0.073832 0.132995 0.155487 208.637686 125.461201
0.267238 0.367085 0.426798 0.263322 0.262343 0.258428 0.266259 0.256470 -0.246681 -0.140471 -0.261365 -0.241787 -0.133619 0.071215 0.133130 0.153197 208.564249 125.484586
0.267165 0.366984 0.426680 0.263250 0.262271 0.258357 0.266186 0.256400 -0.247103 -0.140433 -0.261293 -0.242210 -0.133582 0.071195 0.133093 0.153155 208.505510 125.490455
0.267118 0.366920 0.426606 0.263204 0.262226 0.258312 0.266139 0.256355 -0.246570 -0.140408 -0.261247 -0.243635 -0.131602 0.071183 0.134537 0.152639 208.476243 125.511004
0.267442 0.367366 0.427124 0.259605 0.262544 0.258625 0.266463 0.256666 -0.246870 -0.140579 -0.261564 -0.243931 -0.133721 0.071024 0.134701 0.153314 208.454905 125.511420
0.267036 0.366807 0.426474 0.263123 0.262145 0.258232 0.266057 0.256276 -0.246494 -0.140365 -0.261167 -0.243560 -0.133518 0.071161 0.134496 0.153081 208.409958 125.512236
0.267191 0.367021 0.426723 0.259361 0.262297 0.258382 0.266212 0.256425 -0.246638 -0.140447 -0.260340 -0.247617 -0.133595 0.070957 0.138978 0.150234 208.253625 125.522752
0.267118 0.366920 0.426605 0.259290 0.262225 0.258311 0.266139 0.256355 -0.247549 -0.140408 -0.260268 -0.248038 -0.133559 0.073873 0.133070 0.155574 208.248500 125.566157
0.267016 0.366780 0.426443 0.259191 0.262126 0.258213 0.266038 0.256257 -0.247454 -0.140355 -0.260169 -0.248922 -0.133508 0.073845 0.133508 0.154537 208.148130 125.566999
0.267104 0.366901 0.426583 0.258298 0.261233 0.260255 0.266125 0.256341 -0.247047 -0.140401 -0.261233 -0.248025 -0.133552 0.072891 0.135020 0.154588 208.084244 125.580589
0.267012 0.366775 0.426438 0.258210 0.261144 0.260166 0.266034 0.256254 -0.247451 -0.140353 -0.261144 -0.248429 -0.133506 0.071154 0.134484 0.155513 208.019506 125.584037
0.265974 0.370220 0.421856 0.258180 0.261102 0.257205 0.264999 0.255257 -0.253308 -0.143704 -0.264999 -0.239182 -0.132987 0.073557 0.132500 0.154908 207.681012 125.608136
0.265967 0.370594 0.420463 0.259122 0.260100 0.259122 0.264989 0.256189 -0.254233 -0.143251 -0.265967 -0.239077 -0.132006 0.072603 0.134939 0.154496 207.469579 125.631294
0.266538 0.367470 0.423325 0.258699 0.259679 0.258699 0.267518 0.253799 -0.253799 -0.141108 -0.266538 -0.241550 -0.131799 0.073004 0.135229 0.154827 207.384636 125.679112
0.265773 0.366415 0.423088 0.258934 0.258934 0.258934 0.264796 0.255025 -0.254048 -0.144123 -0.265773 -0.240857 -0.131421 0.072550 0.134841 0.152429 207.136543 125.714883
0.265896 0.366584 0.422305 0.259053 0.260030 0.258075 0.264918 0.255142 -0.254165 -0.144190 -0.265896 -0.240968 -0.130993 0.070628 0.133437 0.153965 206.974324 125.717785
0.265889 0.366575 0.422295 0.259046 0.260024 0.259046 0.264912 0.255136 -0.254159 -0.144186 -0.265889 -0.240962 -0.131478 0.072826 0.134900 0.152495 206.941221 125.720807
0.266076 0.366833 0.421613 0.259229 0.259229 0.259229 0.265098 0.255316 -0.254338 -0.144288 -0.266076 -0.241132 -0.131571 0.072877 0.134995 0.152603 206.872217 125.728550
0.266208 0.366036 0.421822 0.259357 0.259357 0.259357 0.265229 0.255442 -0.254463 -0.144359 -0.266208 -0.241251 -0.131636 0.072914 0.135061 0.152678 206.663048 125.751849
0.266162 0.365973 0.421749 0.259312 0.259312 0.259312 0.265183 0.255398 -0.254420 -0.144334 -0.266162 -0.241699 -0.131613 0.073146 0.135038 0.153141 206.630047 125.761977
0.266048 0.365816 0.421569 0.259201 0.259201 0.258223 0.265070 0.255289 -0.254310 -0.144272 -0.268004 -0.240128 -0.130090 0.070914 0.134002 0.154543 206.563381 125.794035
0.266432 0.372810 0.412824 0.257649 0.240570 0.283023 0.262529 0.252769 -0.256673 -0.156151 -0.269360 -0.229347 -0.134680 0.071488 0.142976 0.149807 205.923458 125.803579
0.266101 0.369802 0.414805 0.258275 0.241643 0.281754 0.260231 0.252405 -0.256318 -0.151149 -0.268058 -0.240176 -0.131094 0.072884 0.138920 0.152617 205.791605 125.855323
0.266154 0.368897 0.414887 0.258326 0.242180 0.277896 0.263218 0.252455 -0.256369 -0.151179 -0.268111 -0.240713 -0.132098 0.071676 0.142862 0.150690 205.622371 125.884167
0.265129 0.369811 0.413836 0.258281 0.241160 0.281761 0.260237 0.252411 -0.257302 -0.156534 -0.270021 -0.229909 -0.135010 0.073131 0.138924 0.152131 205.530477 125.908856
0.266069 0.368779 0.413776 0.258243 0.241125 0.281720 0.260200 0.252374 -0.256287 -0.154555 -0.268025 -0.238679 -0.131567 0.073120 0.138903 0.152109 205.127305 125.927158
0.265937 0.368597 0.413572 0.258116 0.241006 0.281581 0.260071 0.252249 -0.256160 -0.155456 -0.267893 -0.238561 -0.131502 0.073084 0.138835 0.152034 204.985057 125.944329
0.265872 0.368506 0.413469 0.258052 0.240946 0.281511 0.260007 0.252187 -0.256097 -0.155906 -0.267827 -0.238502 -0.131470 0.073066 0.138801 0.152485 204.909046 125.957310
0.265638 0.368182 0.413106 0.257825 0.241711 0.281264 0.259778 0.255872 -0.255872 -0.157234 -0.267591 -0.238293 -0.131354 0.073002 0.138679 0.150398 204.414972 125.975418
0.265825 0.368441 0.412419 0.257029 0.240903 0.281461 0.260938 0.252142 -0.256052 -0.157345 -0.267779 -0.239438 -0.131446 0.073053 0.139265 0.152458 204.346782 125.991901
0.265738 0.368321 0.412285 0.256945 0.239848 0.281370 0.260853 0.255968 -0.255968 -0.157293 -0.267692 -0.240337 -0.131892 0.071564 0.142639 0.150455 204.224725 126.005124
0.265913 0.368187 0.412019 0.257147 0.240101 0.281498 0.261043 0.256173 -0.256173 -0.155847 -0.268835 -0.240588 -0.131983 0.071592 0.142697 0.150489 204.004028 126.007491
0.263083 0.373598 0.407828 0.237166 0.244501 0.278731 0.260149 0.252325 -0.266995 -0.157459 -0.275797 -0.240100 -0.134965 0.073839 0.142300 0.152569 203.783886 126.026187
0.263200 0.372786 0.407031 0.237272 0.244610 0.278855 0.260265 0.256351 -0.267114 -0.158997 -0.275920 -0.240207 -0.134046 0.073383 0.143831 0.153126 203.481383 126.060614
0.263563 0.372893 0.407058 0.236719 0.244040 0.279181 0.260634 0.252825 -0.267468 -0.159114 -0.276253 -0.239647 -0.134222 0.073456 0.143983 0.153257 203.455352 126.094527
0.264428 0.371179 0.408395 0.237496 0.244841 0.279119 0.260511 0.252676 -0.267366 -0.157678 -0.276181 -0.240923 -0.133193 0.073697 0.143477 0.152781 203.311928 126.108122
0.263060 0.373565 0.404858 0.238123 0.243991 0.278707 0.261104 0.253281 -0.267950 -0.159401 -0.276751 -0.239590 -0.134464 0.073588 0.144243 0.153533 203.248443 126.115417
0.264250 0.370929 0.408120 0.236847 0.244187 0.278931 0.261314 0.253485 -0.268165 -0.159529 -0.275016 -0.241251 -0.134083 0.073892 0.143380 0.154146 203.177294 126.142561
0.264351 0.371070 0.407296 0.237426 0.244769 0.279037 0.261414 0.253581 -0.268267 -0.160079 -0.275121 -0.240853 -0.133154 0.073676 0.143435 0.154205 203.017525 126.155024
0.265102 0.369773 0.407924 0.238200 0.245048 0.278797 0.261189 0.253363 -0.268037 -0.159942 -0.274884 -0.241135 -0.133040 0.073612 0.144779 0.154072 202.777282 126.187332
0.264511 0.370315 0.406563 0.237080 0.244427 0.279206 0.261572 0.253734 -0.268429 -0.159686 -0.277246 -0.240509 -0.133235 0.073720 0.143522 0.154298 202.553871 126.212264
0.265168 0.369866 0.407048 0.235814 0.244620 0.278867 0.260276 0.255384 -0.272018 -0.157535 -0.277889 -0.242174 -0.131117 0.073631 0.144815 0.155089 202.338772 126.254979
0.264143 0.370778 0.404040 0.234304 0.244577 0.277839 0.260229 0.255338 -0.272947 -0.157996 -0.278817 -0.245066 -0.131582 0.073862 0.144789 0.154572 201.977010 126.301384
0.264541 0.368990 0.406084 0.236720 0.244041 0.278207 0.260636 0.254779 -0.272350 -0.157162 -0.278207 -0.244529 -0.130806 0.073456 0.144960 0.154234 201.947540 126.302533
0.263804 0.370302 0.403522 0.233027 0.245728 0.278459 0.260873 0.255010 -0.272597 -0.160236 -0.278459 -0.245728 -0.129459 0.071325 0.143626 0.154374 201.476807 126.320828
0.264982 0.369606 0.405784 0.238092 0.242981 0.279649 0.263026 0.253248 -0.284538 -0.142269 -0.289427 -0.241026 -0.132491 0.102424 0.125157 0.154002 201.065805 126.327197
0.264336 0.369092 0.404337 0.237903 0.243287 0.279022 0.262378 0.255525 -0.281959 -0.141469 -0.290770 -0.242308 -0.139511 0.104511 0.127273 0.154196 201.054066 126.361564
0.264724 0.369247 0.405390 0.237861 0.242745 0.279377 0.262771 0.253002 -0.284261 -0.144084 -0.289145 -0.240792 -0.132362 0.102813 0.125036 0.154341 200.977330 126.369467
0.264959 0.368597 0.404772 0.237584 0.242961 0.279625 0.262026 0.255182 -0.285491 -0.141279 -0.290380 -0.241494 -0.139324 0.104371 0.127102 0.153989 200.693493 126.376627
0.264313 0.369059 0.404301 0.236413 0.243755 0.278997 0.262355 0.255502 -0.285850 -0.141456 -0.290744 -0.241797 -0.139498 0.104501 0.127262 0.153693 200.659042 126.379665
0.265012 0.367693 0.403875 0.241054 0.243499 0.273814 0.263057 0.255233 -0.285548 -0.141796 -0.290438 -0.242521 -0.132506 0.102436 0.125172 0.154020 200.598169 126.444494
0.264974 0.368617 0.403817 0.237597 0.242486 0.277685 0.263019 0.255197 -0.287463 -0.139820 -0.293329 -0.242486 -0.131509 0.102910 0.126132 0.153998 200.431949 126.446276
0.264668 0.368191 0.403350 0.237810 0.242693 0.277364 0.260761 0.253925 -0.288107 -0.141612 -0.292013 -0.241717 -0.134775 0.102546 0.125497 0.153331 200.209866 126.454760
0.264719 0.367285 0.403428 0.240787 0.243229 0.273510 0.262765 0.253974 -0.291093 -0.141639 -0.290116 -0.242252 -0.132359 0.102322 0.125033 0.153850 200.083629 126.485432
0.266518 0.365120 0.406123 0.238207 0.241624 0.278233 0.260661 0.256756 -0.287020 -0.140093 -0.293854 -0.240648 -0.133259 0.099334 0.129354 0.154249 200.045363 126.527190
0.266647 0.364320 0.406319 0.238322 0.241740 0.277391 0.262740 0.254926 -0.287158 -0.139672 -0.291065 -0.246136 -0.133323 0.099382 0.129417 0.155300 199.800472 126.537027
0.266650 0.364324 0.406324 0.238324 0.241743 0.278371 0.260789 0.256882 -0.287161 -0.140162 -0.293999 -0.240766 -0.133325 0.099383 0.129418 0.154325 199.783050 126.554340
0.267260 0.365158 0.404317 0.240828 0.242786 0.274113 0.263344 0.253554 -0.292713 -0.140483 -0.292713 -0.239849 -0.130693 0.102303 0.125309 0.154189 199.439949 126.559553
0.267221 0.365104 0.404257 0.238834 0.243239 0.274072 0.264284 0.254496 -0.291691 -0.141930 -0.291691 -0.241282 -0.132631 0.102532 0.125780 0.155145 199.382140 126.572746
0.265920 0.363684 0.405723 0.238546 0.243434 0.272763 0.262987 0.253210 -0.292316 -0.141270 -0.293294 -0.240012 -0.132960 0.104852 0.119517 0.153979 199.231913 126.591657
0.266157 0.363650 0.405572 0.238371 0.243246 0.272981 0.263232 0.253482 -0.292480 -0.141365 -0.293455 -0.239833 -0.133078 0.103587 0.124791 0.153552 199.213189 126.616214
0.266166 0.364021 0.405120 0.233385 0.245127 0.273994 0.264209 0.254423 -0.292587 -0.141401 -0.293566 -0.242681 -0.136997 0.106173 0.127701 0.153143 198.938760 126.628658
0.266427 0.363399 0.404538 0.237042 0.243408 0.274263 0.264468 0.254673 -0.293853 -0.142029 -0.293853 -0.240960 -0.132234 0.104073 0.127826 0.152314 198.605121 126.663687
0.266234 0.363135 0.404245 0.236870 0.243232 0.274064 0.264276 0.254488 -0.292662 -0.141437 -0.293640 -0.242253 -0.137032 0.106200 0.127734 0.153182 198.393768 126.670251
0.266140 0.363008 0.404103 0.237276 0.243636 0.273968 0.264184 0.254399 -0.292559 -0.142366 -0.292559 -0.242657 -0.136984 0.106407 0.127199 0.153618 198.232771 126.676994
0.266102 0.362956 0.404045 0.236753 0.243112 0.273929 0.264146 0.254363 -0.292517 -0.142345 -0.293495 -0.242134 -0.136964 0.106147 0.127670 0.152618 198.179478 126.684913
0.280291 0.346934 0.423377 0.238640 0.245010 0.277351 0.259710 0.255790 -0.288132 -0.134265 -0.290092 -0.244030 -0.131815 0.103639 0.127895 0.154846 197.565057 126.743097
0.281545 0.347043 0.423295 0.238531 0.245863 0.275679 0.262971 0.255150 -0.287410 -0.142239 -0.286433 -0.238531 -0.131974 0.105335 0.128553 0.153970 197.536323 126.761818
0.279799 0.346325 0.422633 0.238220 0.244580 0.276864 0.259254 0.255341 -0.287626 -0.134030 -0.293495 -0.241155 -0.133540 0.099544 0.129627 0.154574 196.982770 126.792523
0.278475 0.347113 0.422615 0.235821 0.245627 0.275533 0.261806 0.255922 -0.288280 -0.134335 -0.294164 -0.241704 -0.132864 0.104428 0.125510 0.154926 196.947758 126.805448
0.279881 0.346426 0.421778 0.237311 0.243672 0.276945 0.259330 0.255416 -0.287709 -0.141898 -0.288688 -0.241226 -0.132111 0.104711 0.125017 0.153641 196.723559 126.832967
0.279761 0.346278 0.421598 0.237699 0.244057 0.276826 0.259219 0.255306 -0.287586 -0.141837 -0.288565 -0.241612 -0.132055 0.104666 0.125208 0.153575 196.552692 126.839308
0.279826 0.345380 0.421696 0.237754 0.244603 0.273955 0.261236 0.253409 -0.291567 -0.141381 -0.288632 -0.240689 -0.133064 0.104201 0.126704 0.152632 196.462411 126.860063
0.277707 0.346156 0.421449 0.235171 0.244949 0.274773 0.261083 0.253261 -0.292374 -0.141787 -0.289441 -0.241038 -0.133475 0.103896 0.125164 0.154010 196.223341 126.880273
0.279006 0.345343 0.420460 0.237057 0.243398 0.276079 0.260470 0.253642 -0.263397 -0.168281 -0.275104 -0.239984 -0.134137 0.073410 0.143893 0.153160 196.177335 126.886232
0.278882 0.346401 0.419791 0.238273 0.242676 0.278882 0.261268 0.254419 -0.288667 -0.140420 -0.292581 -0.239741 -0.130634 0.099810 0.130634 0.153630 195.804943 126.901168
0.280437 0.345905 0.419190 0.237932 0.241840 0.278483 0.260894 0.254054 -0.288254 -0.140219 -0.294117 -0.239397 -0.130447 0.099668 0.130447 0.153410 195.713422 126.926703
0.280694 0.346222 0.418597 0.237661 0.242062 0.278738 0.261134 0.254288 -0.288519 -0.140347 -0.294387 -0.239128 -0.130567 0.099515 0.130567 0.154529 195.679795 126.933273
0.280377 0.345831 0.418123 0.237393 0.241789 0.278423 0.260839 0.254000 -0.288193 -0.140189 -0.296008 -0.238858 -0.130419 0.099402 0.130419 0.153377 195.281359 126.965026
0.280502 0.350137 0.408984 0.234896 0.248627 0.267752 0.266771 0.255983 -0.265790 -0.170165 -0.278540 -0.243232 -0.131914 0.074294 0.146136 0.156434 194.964523 127.017664
0.279814 0.349278 0.407981 0.234320 0.248017 0.267095 0.266117 0.255355 -0.265139 -0.169747 -0.277857 -0.249485 -0.131102 0.074112 0.145777 0.154583 194.618127 127.056455
0.280215 0.349040 0.408032 0.234004 0.247769 0.267433 0.266450 0.255635 -0.265467 -0.169604 -0.278248 -0.249244 -0.131259 0.073987 0.145515 0.155839 194.554608 127.070883
0.280448 0.347873 0.408457 0.234521 0.246247 0.265790 0.264813 0.256996 -0.266767 -0.170516 -0.280448 -0.241850 -0.139247 0.074021 0.144621 0.156347 194.453820 127.101817
0.278576 0.343609 0.415437 0.235867 0.240235 0.276634 0.263045 0.255280 -0.264987 -0.169863 -0.278576 -0.246059 -0.129581 0.073041 0.143656 0.153848 194.349204 127.131694
0.276844 0.349235 0.406952 0.233312 0.245051 0.266084 0.265105 0.257279 -0.267062 -0.171194 -0.280757 -0.246519 -0.133042 0.072880 0.143313 0.155542 194.318831 127.140946
0.278802 0.349236 0.405974 0.232824 0.246519 0.266084 0.265106 0.257280 -0.267063 -0.171194 -0.280758 -0.247987 -0.130597 0.073613 0.144781 0.155053 194.183234 127.154946
0.281073 0.348648 0.405450 0.232595 0.246306 0.266383 0.265403 0.257568 -0.267362 -0.171386 -0.281073 -0.247775 -0.130743 0.073696 0.144943 0.155227 193.924501 127.166722
0.280770 0.348272 0.402078 0.239682 0.234790 0.279792 0.262182 0.256313 -0.266096 -0.171690 -0.281748 -0.248975 -0.131091 0.073861 0.145276 0.155549 193.424947 127.205623
0.282783 0.343450 0.405095 0.253429 0.230434 0.280826 0.267128 0.254407 -0.271042 -0.159005 -0.289633 -0.241198 -0.133564 0.099561 0.129650 0.154601 193.070316 127.241376
0.282677 0.343321 0.404942 0.253333 0.230348 0.280721 0.267027 0.254312 -0.270940 -0.158945 -0.289524 -0.241596 -0.134981 0.099524 0.132046 0.154543 193.012591 127.254869
0.279175 0.347504 0.404120 0.231832 0.245498 0.264533 0.263557 0.255748 -0.278199 -0.159110 -0.296745 -0.240618 -0.129338 0.071258 0.143492 0.154230 192.961642 127.287054
0.275807 0.348181 0.400996 0.238641 0.233751 0.278741 0.261136 0.255268 -0.278741 -0.159420 -0.297324 -0.241086 -0.129590 0.071397 0.142794 0.154530 192.636360 127.309534
0.276698 0.341228 0.415536 0.233678 0.240522 0.275720 0.264965 0.251277 -0.287453 -0.138349 -0.318741 -0.219990 -0.131994 0.073574 0.144215 0.153015 192.597125 127.338938
0.278795 0.346293 0.403030 0.233307 0.245046 0.263143 0.270969 0.255318 -0.287599 -0.137441 -0.323794 -0.222058 -0.138419 0.073367 0.144778 0.156027 192.205772 127.368921
0.278879 0.345418 0.403151 0.233377 0.245120 0.262244 0.270072 0.255394 -0.287685 -0.137482 -0.323891 -0.225549 -0.131122 0.073389 0.144821 0.154117 191.974399 127.427247
0.278771 0.345285 0.402996 0.233777 0.245515 0.262143 0.269968 0.255296 -0.287575 -0.138408 -0.323766 -0.224484 -0.131071 0.073361 0.144276 0.155036 191.945827 127.443247
0.275900 0.344386 0.404067 0.233831 0.244103 0.263182 0.271009 0.256333 -0.288619 -0.138439 -0.323841 -0.225025 -0.131591 0.073622 0.144799 0.156050 191.711574 127.501998
0.276003 0.344514 0.403238 0.233428 0.245662 0.263279 0.271109 0.256428 -0.288726 -0.138491 -0.323960 -0.225598 -0.131639 0.073894 0.145342 0.156108 191.532285 127.507659
0.275744 0.344192 0.403838 0.233698 0.245432 0.263033 0.270855 0.256188 -0.288456 -0.138361 -0.323657 -0.225876 -0.131516 0.073581 0.144717 0.155962 191.522403 127.507807
0.275926 0.344418 0.403125 0.233363 0.245593 0.264184 0.271033 0.255378 -0.288646 -0.138941 -0.323870 -0.225535 -0.131603 0.073874 0.145301 0.156064 191.429122 127.512133
0.278041 0.341902 0.405763 0.226952 0.246602 0.263304 0.271164 0.260357 -0.294743 -0.136073 -0.326183 -0.227444 -0.130670 0.074423 0.146880 0.156214 191.163716 127.568716
0.276949 0.340559 0.405148 0.234379 0.246123 0.262270 0.270099 0.259334 -0.293586 -0.135539 -0.324901 -0.226550 -0.131624 0.073641 0.143857 0.156090 190.570269 127.589225
0.275673 0.342148 0.402757 0.233149 0.244880 0.262965 0.270786 0.255144 -0.287404 -0.138325 -0.322596 -0.233638 -0.130994 0.073562 0.144680 0.155433 190.337472 127.595743
0.276789 0.340588 0.404387 0.234093 0.245871 0.262066 0.270900 0.256177 -0.288567 -0.138885 -0.324884 -0.226241 -0.131524 0.073614 0.144774 0.155571 190.204577 127.632856
0.279707 0.345233 0.392176 0.235208 0.239609 0.261125 0.268949 0.258191 -0.292421 -0.134963 -0.337409 -0.222005 -0.133007 0.072861 0.143276 0.154034 189.897261 127.649217
0.279699 0.345222 0.392165 0.235201 0.239602 0.262095 0.269919 0.258183 -0.292412 -0.134959 -0.337399 -0.221999 -0.133004 0.072859 0.144739 0.155497 189.846814 127.656072
0.279457 0.344924 0.391826 0.237441 0.239395 0.260892 0.268709 0.257960 -0.292160 -0.134843 -0.337107 -0.221807 -0.132889 0.072796 0.144614 0.155363 189.740505 127.677941
0.276662 0.344117 0.393975 0.236580 0.241468 0.261998 0.269819 0.259065 -0.295237 -0.133443 -0.336296 -0.223871 -0.129533 0.073076 0.146152 0.154462 189.593734 127.708696
0.276631 0.344079 0.393931 0.236554 0.241442 0.261969 0.270766 0.259036 -0.296181 -0.133428 -0.339191 -0.219448 -0.128541 0.073801 0.144669 0.156399 189.581758 127.741843
0.275830 0.343321 0.394183 0.236705 0.241596 0.261158 0.269961 0.258224 -0.294414 -0.135470 -0.335496 -0.223990 -0.129112 0.072870 0.144762 0.155521 188.948772 127.771292
0.275981 0.343269 0.393004 0.235998 0.240874 0.261353 0.269154 0.258427 -0.294509 -0.137990 -0.335468 -0.223320 -0.129214 0.072896 0.145792 0.154081 188.609088 127.799529
0.275763 0.343237 0.393109 0.236159 0.241048 0.261095 0.268918 0.258161 -0.294343 -0.137882 -0.335414 -0.223446 -0.129081 0.072852 0.143260 0.155484 188.532370 127.806537
0.276889 0.342443 0.392342 0.235307 0.239710 0.262213 0.270041 0.255364 -0.294501 -0.135510 -0.339508 -0.222588 -0.130617 0.073136 0.142358 0.155567 188.040843 127.820121
0.276894 0.342449 0.392348 0.235311 0.239714 0.262218 0.270045 0.258304 -0.294506 -0.135512 -0.339513 -0.222592 -0.130620 0.073382 0.144807 0.155570 188.006843 127.832550
0.276708 0.341241 0.392085 0.234176 0.243464 0.264975 0.272797 0.260086 -0.277686 -0.145687 -0.326575 -0.239064 -0.131021 0.073577 0.144710 0.157421 187.445094 127.852111
0.274855 0.341368 0.392230 0.231817 0.245022 0.261161 0.270942 0.259205 -0.276811 -0.149654 -0.324739 -0.237197 -0.137427 0.073849 0.144274 0.157968 187.417917 127.890773
0.274618 0.341073 0.391892 0.231617 0.245788 0.262890 0.270709 0.258981 -0.276572 -0.149525 -0.324460 -0.241390 -0.130468 0.073541 0.145127 0.155877 187.299940 127.912919
0.274832 0.340361 0.392198 0.231798 0.245979 0.262117 0.271898 0.260161 -0.275810 -0.152576 -0.323734 -0.238644 -0.131059 0.072865 0.145729 0.156488 187.238473 127.947222
0.274842 0.340373 0.391234 0.231317 0.243543 0.265061 0.270929 0.262127 -0.276798 -0.153070 -0.324724 -0.238653 -0.131063 0.074090 0.144757 0.156494 187.052444 127.968245
0.277297 0.339567 0.390161 0.233027 0.244702 0.260756 0.271459 0.260756 -0.276324 -0.152756 -0.324972 -0.238864 -0.130378 0.073216 0.144000 0.155189 186.803094 127.980055
0.275922 0.339521 0.390401 0.233360 0.245101 0.261246 0.272987 0.262224 -0.275922 -0.152638 -0.324845 -0.239231 -0.130623 0.073628 0.144810 0.155084 186.721916 127.985604
0.280004 0.331893 0.404342 0.226157 0.245738 0.263361 0.273151 0.262382 -0.279025 -0.146366 -0.328956 -0.230073 -0.138534 0.074407 0.145387 0.157135 186.408876 128.002796
0.279568 0.331376 0.404689 0.226293 0.245844 0.262950 0.272725 0.261972 -0.278590 -0.146138 -0.329421 -0.230203 -0.138318 0.074291 0.145160 0.156890 186.193563 128.027015
0.274902 0.338491 0.390341 0.231367 0.243596 0.265119 0.270989 0.262184 -0.276858 -0.153104 -0.326752 -0.240172 -0.128646 0.073862 0.144788 0.156528 186.010775 128.074946
0.278800 0.330466 0.403578 0.225672 0.245169 0.262228 0.271977 0.260279 -0.275876 -0.152560 -0.322668 -0.237858 -0.137938 0.074087 0.144762 0.156460 185.073488 128.099001
0.278595 0.330404 0.403718 0.225809 0.245359 0.261977 0.271752 0.260022 -0.275662 -0.152494 -0.322584 -0.238028 -0.137831 0.074048 0.146140 0.155427 184.982571 128.103010
0.278593 0.330402 0.403716 0.225807 0.245358 0.261976 0.271751 0.260021 -0.275661 -0.152493 -0.322582 -0.238026 -0.137830 0.074047 0.144673 0.156403 184.968061 128.103671
0.279064 0.329981 0.401460 0.231084 0.244793 0.262418 0.270251 0.260460 -0.277105 -0.145407 -0.326064 -0.242834 -0.131209 0.073683 0.144917 0.155199 183.825429 128.135106
0.279040 0.329774 0.400998 0.230744 0.244404 0.262453 0.270259 0.259526 -0.280015 -0.152691 -0.322945 -0.238062 -0.130251 0.073175 0.143910 0.153667 183.510505 128.173019
0.280199 0.329184 0.401683 0.223375 0.245419 0.262564 0.272361 0.261584 -0.277259 -0.155775 -0.324286 -0.239050 -0.130792 0.073479 0.144508 0.155775 183.355710 128.229156
0.278653 0.328518 0.401848 0.230745 0.244922 0.262032 0.271809 0.261054 -0.276698 -0.153015 -0.323629 -0.238566 -0.130527 0.073330 0.144215 0.155459 182.266694 128.241409
0.278330 0.329113 0.400405 0.230477 0.244638 0.261728 0.271494 0.260752 -0.276377 -0.155279 -0.323254 -0.238290 -0.130376 0.073489 0.142583 0.155279 182.207752 128.256884
0.279393 0.328238 0.400529 0.230548 0.244713 0.261809 0.271578 0.260832 -0.276462 -0.155327 -0.323354 -0.238363 -0.130416 0.073512 0.142627 0.155327 181.845378 128.274318
0.279235 0.328053 0.400303 0.230418 0.244575 0.262638 0.270448 0.260685 -0.276306 -0.155239 -0.323171 -0.239693 -0.130342 0.073226 0.144988 0.155727 181.767483 128.295625
0.279973 0.328920 0.395487 0.232495 0.242774 0.262353 0.273121 0.262353 -0.278016 -0.153692 -0.326962 -0.239348 -0.131176 0.074154 0.144881 0.156139 181.430435 128.322597
0.279772 0.328683 0.395203 0.232817 0.245045 0.262164 0.272925 0.262164 -0.277816 -0.153581 -0.326727 -0.239665 -0.131082 0.073611 0.144777 0.157494 181.372361 128.329397
0.279214 0.328028 0.394415 0.231865 0.246021 0.261641 0.271404 0.260665 -0.276285 -0.155716 -0.327052 -0.240163 -0.130821 0.073465 0.144489 0.159621 181.138227 128.404342
0.285320 0.350031 0.331402 0.301007 0.184820 0.284339 0.273554 0.262769 -0.294144 -0.140209 -0.345129 -0.266690 -0.056010 0.030579 0.153935 0.159818 179.557483 128.442207
0.284788 0.349380 0.330785 0.300447 0.184966 0.283810 0.271087 0.259343 -0.295554 -0.139458 -0.344486 -0.270109 -0.057741 0.031195 0.153159 0.159031 179.012377 128.469410
0.284746 0.349328 0.330736 0.300402 0.184449 0.283768 0.270069 0.259305 -0.295510 -0.140416 -0.344435 -0.270069 -0.055653 0.030395 0.155094 0.156072 178.844716 128.470210
0.286573 0.348191 0.330586 0.300266 0.184365 0.283639 0.272880 0.262121 -0.295376 -0.140352 -0.345257 -0.269946 -0.055627 0.030381 0.155023 0.155512 178.639494 128.487301
0.288152 0.347736 0.330154 0.299874 0.184124 0.283268 0.272523 0.261779 -0.294990 -0.140169 -0.345782 -0.270570 -0.055677 0.030402 0.155309 0.155309 178.416629 128.503703
0.285475 0.346297 0.331582 0.301171 0.184921 0.284494 0.273702 0.262911 -0.294304 -0.140285 -0.345316 -0.270759 -0.056040 0.030595 0.155490 0.156471 178.219812 128.538593
0.291930 0.349521 0.326683 0.272071 0.235828 0.228380 0.294909 0.277035 -0.299873 -0.139511 -0.350514 -0.274057 -0.058833 0.030844 0.157384 0.157880 178.117717 128.569095
0.291661 0.349406 0.326896 0.272087 0.235874 0.228533 0.284810 0.269151 -0.300470 -0.139469 -0.350385 -0.274044 -0.058846 0.030891 0.157575 0.158065 177.905293 128.608642
0.286832 0.344590 0.331864 0.300537 0.185021 0.283895 0.271169 0.260400 -0.296622 -0.140969 -0.345569 -0.270190 -0.055800 0.030470 0.155163 0.156142 177.229476 128.624172
0.286562 0.344266 0.331552 0.300255 0.184847 0.283628 0.270914 0.260156 -0.296343 -0.140836 -0.346222 -0.270914 -0.055870 0.030502 0.155017 0.156485 176.981940 128.647016
0.288322 0.344032 0.331326 0.301028 0.184722 0.282458 0.270729 0.259978 -0.296141 -0.140740 -0.345986 -0.270729 -0.055710 0.030420 0.155401 0.156378 176.856533 128.656352
0.288385 0.345084 0.322600 0.305981 0.180851 0.282519 0.273721 0.260035 -0.300116 -0.158367 -0.300116 -0.343129 -0.009012 0.030366 0.154457 0.157390 175.437331 128.738798
0.285452 0.345084 0.320645 0.302071 0.179385 0.280564 0.278609 0.257102 -0.299138 -0.158856 -0.304026 -0.355837 0.016802 0.031893 0.142726 0.155434 174.710725 128.841837
0.287598 0.344335 0.321836 0.303250 0.179993 0.281729 0.279772 0.258252 -0.300315 -0.159451 -0.305206 -0.349227 0.017119 0.032037 0.143310 0.155049 174.518712 128.848177
0.287438 0.344336 0.321773 0.267817 0.232010 0.225143 0.290381 0.271741 -0.303134 -0.160887 -0.308039 -0.361995 0.017290 0.032006 0.143228 0.153529 174.132909 128.929178
0.287523 0.344245 0.321752 0.267964 0.232268 0.224933 0.290457 0.272853 -0.303171 -0.160876 -0.308060 -0.361849 0.017298 0.032028 0.143273 0.153541 174.048008 128.934326
0.287894 0.339793 0.322167 0.304540 0.179199 0.280060 0.279080 0.257537 -0.299644 -0.158635 -0.304540 -0.356440 0.017075 0.031947 0.142968 0.154229 172.100285 128.983993
0.287505 0.337378 0.325643 0.302173 0.179935 0.280659 0.278704 0.257190 -0.299240 -0.158910 -0.304129 -0.356936 0.017052 0.031538 0.140819 0.154998 171.688253 129.011003
0.288008 0.336989 0.325234 0.302702 0.179760 0.281151 0.279191 0.257640 -0.299763 -0.158698 -0.304662 -0.356581 0.017082 0.031593 0.144004 0.155270 171.642781 129.051615
0.287833 0.336784 0.325036 0.302518 0.179651 0.280980 0.279022 0.257483 -0.299581 -0.159091 -0.304476 -0.357344 0.017072 0.031574 0.143917 0.155175 171.516960 129.056716
0.288759 0.336722 0.324976 0.302462 0.179618 0.280928 0.278970 0.257436 -0.299526 -0.159062 -0.304420 -0.357278 0.017069 0.031568 0.143890 0.155147 171.497140 129.057237
0.288790 0.333974 0.329063 0.268162 0.232309 0.225433 0.290754 0.272091 -0.303524 -0.161094 -0.308435 -0.362460 0.017313 0.032292 0.139483 0.152744 170.581389 129.170775
0.287048 0.338971 0.307621 0.258637 0.247861 0.221899 0.288028 0.258637 -0.292926 -0.135197 -0.409509 -0.222389 -0.133237 0.072987 0.143524 0.154301 168.489405 129.175491
0.288578 0.337490 0.305208 0.258253 0.246514 0.220102 0.284665 0.265101 -0.338468 -0.118611 -0.410857 -0.229395 -0.131572 0.108584 0.132550 0.153582 168.356883 129.251230
0.288664 0.336775 0.305356 0.260191 0.242026 0.219935 0.288664 0.268045 -0.341684 -0.118068 -0.409432 -0.231226 -0.131568 0.109231 0.131568 0.156605 168.290135 129.304062
0.287504 0.335421 0.304128 0.259145 0.241053 0.219051 0.286526 0.267946 -0.341289 -0.119304 -0.413654 -0.227852 -0.134462 0.108792 0.131039 0.159887 167.785706 129.443040
0.286382 0.334112 0.302941 0.258133 0.240113 0.218196 0.287356 0.257159 -0.345801 -0.117134 -0.406195 -0.268848 -0.057593 0.033606 0.145626 0.155367 166.310437 129.505866
0.288684 0.333852 0.302431 0.262172 0.242534 0.204730 0.285738 0.267082 -0.340726 -0.113657 -0.409460 -0.267082 -0.057565 0.030869 0.146797 0.154161 166.234787 129.531908
0.289632 0.332685 0.303331 0.260277 0.245600 0.204014 0.284739 0.266148 -0.339535 -0.119375 -0.406072 -0.268105 -0.050514 0.027887 0.147262 0.155579 165.792674 129.611942
0.287543 0.332533 0.301236 0.261136 0.241575 0.203921 0.284609 0.266026 -0.339379 -0.121032 -0.407842 -0.266026 -0.057337 0.030747 0.146217 0.155997 165.250328 129.679235
0.286247 0.331034 0.299878 0.259959 0.240487 0.203002 0.283326 0.264827 -0.337850 -0.120487 -0.413793 -0.264827 -0.057079 0.030608 0.145558 0.152860 164.294231 129.697697
0.286718 0.329775 0.300418 0.255404 0.245129 0.207455 0.287697 0.257361 -0.346411 -0.117672 -0.412953 -0.268126 -0.057490 0.026666 0.147763 0.156080 163.746748 129.761589
0.301063 0.319635 0.314747 0.260986 0.228729 0.222376 0.286401 0.267829 -0.342117 -0.119252 -0.413472 -0.228241 -0.134892 0.108744 0.134892 0.155907 162.985506 129.790903
0.300299 0.318884 0.313993 0.263128 0.227914 0.221556 0.286605 0.268019 -0.341382 -0.119337 -0.413767 -0.225469 -0.142813 0.103197 0.143302 0.154551 162.331819 129.817994
0.300082 0.318654 0.313767 0.264893 0.228727 0.222374 0.286398 0.267826 -0.341136 -0.119251 -0.413468 -0.228238 -0.134890 0.108743 0.134890 0.155906 162.008537 129.858793
0.302416 0.320032 0.304373 0.259353 0.246630 0.197206 0.286757 0.262289 -0.340585 -0.119645 -0.409093 -0.270119 -0.057987 0.030890 0.146804 0.155612 161.823808 129.911981
0.302353 0.319966 0.304310 0.259300 0.247068 0.197165 0.286697 0.262235 -0.340514 -0.119865 -0.409008 -0.270063 -0.058098 0.030945 0.146773 0.155580 161.762492 129.914685
0.299380 0.316990 0.313077 0.251440 0.250462 0.196162 0.288618 0.258288 -0.347320 -0.117648 -0.407978 -0.270029 -0.057846 0.033754 0.146266 0.156538 161.116136 130.003579
0.298179 0.316754 0.312843 0.253208 0.250275 0.195038 0.284492 0.258096 -0.347061 -0.117316 -0.408652 -0.268850 -0.057436 0.026641 0.146156 0.155933 160.567777 130.034201
0.297863 0.316238 0.311403 0.258213 0.226299 0.220013 0.283357 0.254344 -0.342349 -0.111699 -0.419717 -0.266916 -0.056937 0.027199 0.144096 0.154251 160.083334 130.035839
0.298036 0.315510 0.302890 0.287357 0.187850 0.249496 0.284444 0.264058 -0.332984 -0.124748 -0.407736 -0.269882 -0.057520 0.029427 0.147076 0.155813 159.706893 130.103725
0.301800 0.312544 0.304730 0.254918 0.250035 0.195340 0.286173 0.259802 -0.334031 -0.113297 -0.424864 -0.270546 -0.057747 0.027592 0.146016 0.155783 159.332887 130.206955
0.298281 0.311973 0.304149 0.254273 0.249383 0.195105 0.284590 0.258184 -0.346202 -0.112956 -0.424440 -0.269920 -0.057578 0.027505 0.145718 0.155986 158.722083 130.291035
0.300769 0.308606 0.304688 0.254723 0.249824 0.195451 0.286073 0.259621 -0.334079 -0.117564 -0.425191 -0.270398 -0.057802 0.027615 0.145976 0.155773 157.517332 130.397229
0.309385 0.308406 0.282950 0.292741 0.193366 0.226164 0.285888 0.266306 -0.298615 -0.169379 -0.381836 -0.312322 -0.015787 0.026986 0.131195 0.155672 157.228509 130.543476
0.309185 0.308206 0.282767 0.292551 0.193730 0.226507 0.285702 0.266134 -0.298422 -0.169269 -0.382567 -0.312120 -0.015777 0.027029 0.131110 0.155571 157.155440 130.552542
0.309134 0.308156 0.282721 0.292504 0.193209 0.225981 0.285656 0.266090 -0.298373 -0.169730 -0.382505 -0.312069 -0.015775 0.027025 0.131089 0.155545 157.151185 130.564241
0.308836 0.307859 0.282448 0.292222 0.193023 0.225763 0.285380 0.265834 -0.298086 -0.169078 -0.384091 -0.311768 -0.016309 0.026938 0.130962 0.153441 157.005937 130.567910
0.309051 0.307101 0.282728 0.292477 0.193035 0.225695 0.285653 0.266154 -0.298327 -0.169149 -0.384120 -0.311976 -0.015782 0.026932 0.134540 0.155013 156.901134 130.622340
0.307210 0.306238 0.280961 0.290683 0.192006 0.224574 0.283878 0.264434 -0.296516 -0.168188 -0.391790 -0.309154 -0.016223 0.026796 0.130273 0.153119 156.415957 130.707506
0.305229 0.303272 0.278815 0.289576 0.190279 0.222563 0.281750 0.264140 -0.323817 -0.153593 -0.394254 -0.321860 -0.015958 0.027209 0.130603 0.154082 155.620358 130.755432
0.304084 0.302129 0.279640 0.288440 0.189686 0.221952 0.280618 0.263018 -0.322662 -0.157909 -0.393061 -0.320706 -0.015889 0.027133 0.130043 0.153509 155.301949 130.850498
0.318906 0.288581 0.286624 0.282711 0.177550 0.250429 0.267059 0.257277 -0.332601 -0.157986 -0.390317 -0.330645 -0.008407 0.025984 0.134508 0.155051 153.616897 131.014687
0.319108 0.284848 0.287784 0.283869 0.176194 0.250588 0.268207 0.255482 -0.332812 -0.158086 -0.389586 -0.330854 -0.017742 0.030283 0.131167 0.152212 152.958243 131.074033
0.316691 0.282374 0.285316 0.280413 0.176484 0.250019 0.268648 0.246587 -0.333359 -0.158345 -0.390226 -0.341202 -0.017587 0.030211 0.133834 0.148050 152.192050 131.203456
0.323653 0.275740 0.292363 0.285518 0.161826 0.250317 0.268896 0.253251 -0.334409 -0.158893 -0.392099 -0.331475 -0.017234 0.023528 0.137870 0.152537 151.440301 131.408795
0.321852 0.275873 0.292504 0.285656 0.161904 0.250438 0.269025 0.253373 -0.334570 -0.158970 -0.392288 -0.331635 -0.017242 0.027636 0.133534 0.147719 151.195542 131.409769
0.318701 0.273731 0.290350 0.287417 0.175970 0.249291 0.267865 0.245869 -0.332388 -0.157884 -0.389089 -0.340208 -0.017230 0.027617 0.133444 0.147619 150.676951 131.437133
0.318506 0.273564 0.290173 0.287242 0.175862 0.249138 0.267701 0.245719 -0.332184 -0.157788 -0.388851 -0.341954 -0.016426 0.027478 0.133362 0.147529 150.661406 131.447138
0.324328 0.269457 0.287094 0.285134 0.177352 0.250840 0.269457 0.247900 -0.334126 -0.158735 -0.395856 -0.337066 -0.017331 0.026395 0.133749 0.149426 150.382197 131.476324
0.344092 0.245361 0.315743 0.287395 0.180844 0.257091 0.264912 0.256114 -0.303035 -0.146630 -0.396878 -0.341159 -0.017412 0.027982 0.139787 0.151518 148.688839 131.661159
