0.401603 0.333204 0.619505 0.437757 0.318547 0.382060 0.314638 0.311707 -0.500294 -0.356655 -0.732852 -0.371312 -0.351769 0.175885 -0.132402 0.071575 163.724307 75.175306
0.400699 0.332120 0.617214 0.436948 0.317424 0.381105 0.313506 0.310566 -0.498670 -0.348775 -0.728900 -0.390902 -0.350734 0.156753 -0.131770 0.096746 163.682299 75.297759
0.401905 0.333454 0.619970 0.438086 0.314874 0.382348 0.314874 0.311941 -0.500670 -0.356923 -0.731448 -0.371591 -0.352034 0.164282 -0.138858 0.094853 163.509979 75.434334
0.402004 0.333536 0.620123 0.438194 0.314952 0.382442 0.314952 0.312018 -0.497859 -0.357011 -0.731628 -0.371683 -0.352120 0.164323 -0.151118 0.094877 163.414313 75.486243
0.404056 0.317962 0.620270 0.435363 0.315027 0.376662 0.318940 0.308178 -0.444168 -0.348290 -0.716148 -0.502869 -0.138925 -0.134522 -0.023847 0.105661 163.359851 76.275797
0.403995 0.319870 0.620177 0.433341 0.315958 0.376606 0.318892 0.308132 -0.444101 -0.348238 -0.716040 -0.502793 -0.138904 -0.134502 -0.023844 0.105645 163.242122 76.285239
0.400234 0.318034 0.620411 0.433505 0.316077 0.376748 0.319991 0.313141 -0.455034 -0.348370 -0.716311 -0.501026 -0.138956 -0.134553 -0.023853 0.106419 163.215193 76.288963
0.403317 0.317380 0.619136 0.434567 0.314451 0.375973 0.318357 0.307615 -0.443356 -0.354489 -0.714838 -0.501949 -0.138671 -0.134276 -0.023804 0.105468 163.194836 76.328505
0.407253 0.319145 0.618711 0.433685 0.315229 0.375926 0.319145 0.308377 -0.444454 -0.348515 -0.716609 -0.503192 -0.139014 -0.134609 -0.023862 0.106219 163.162794 76.339793
0.402257 0.318087 0.620514 0.433576 0.313193 0.377789 0.320044 0.312214 -0.455109 -0.348427 -0.716429 -0.501109 -0.138490 -0.134086 -0.023856 0.106192 163.141849 76.363472
0.405085 0.318002 0.620348 0.433461 0.313109 0.377688 0.320937 0.311152 -0.454987 -0.348334 -0.716238 -0.500975 -0.138453 -0.134050 -0.023850 0.106164 163.003748 76.387686
0.404895 0.315896 0.622013 0.436191 0.316874 0.377511 0.321764 0.312962 -0.457707 -0.315896 -0.788274 -0.431301 -0.122006 -0.189244 -0.000093 0.094378 162.915372 76.529236
0.404895 0.315897 0.622013 0.436192 0.316875 0.377511 0.321765 0.312963 -0.457708 -0.315897 -0.788274 -0.431302 -0.122006 -0.189245 -0.000093 0.096823 162.872901 76.536403
0.402202 0.324893 0.618472 0.433517 0.313150 0.377737 0.320979 0.313150 -0.457982 -0.316086 -0.788747 -0.430582 -0.122080 -0.189358 -0.000103 0.094924 162.785567 76.654250
0.401091 0.320873 0.618268 0.436309 0.316960 0.377613 0.315003 0.312069 -0.458809 -0.331634 -0.784574 -0.432396 -0.084131 -0.219133 -0.023051 0.109566 162.665664 76.661452
0.403960 0.317886 0.620122 0.436237 0.316908 0.377551 0.319842 0.312017 -0.458734 -0.331579 -0.784445 -0.432325 -0.084117 -0.219097 -0.023047 0.111260 162.647803 76.689953
0.405844 0.318807 0.618056 0.433226 0.312940 0.378462 0.316852 0.313918 -0.459630 -0.316852 -0.790173 -0.433226 -0.122487 -0.189720 -0.000093 0.097060 162.562991 76.700075
0.405239 0.317912 0.620124 0.434676 0.315949 0.376784 0.319874 0.312025 -0.457244 -0.331649 -0.784967 -0.430751 -0.090026 -0.222244 -0.023058 0.109160 162.500517 76.707836
0.401983 0.317870 0.620091 0.436216 0.315914 0.376554 0.319826 0.310046 -0.455777 -0.332541 -0.784406 -0.432303 -0.084113 -0.234246 -0.011523 0.120057 162.493548 76.782897
0.403001 0.319655 0.615777 0.435359 0.311811 0.377507 0.320636 0.310830 -0.456930 -0.333383 -0.786391 -0.432417 -0.090700 -0.225033 -0.021204 0.120361 162.429420 76.882908
0.403980 0.315946 0.618197 0.432347 0.313011 0.375613 0.321814 0.313989 -0.458757 -0.333552 -0.788397 -0.433325 -0.088523 -0.218619 -0.022987 0.116156 162.305296 76.922984
0.403988 0.319455 0.617286 0.434459 0.306677 0.380398 0.320438 0.313558 -0.458050 -0.334199 -0.788317 -0.430527 -0.084533 -0.235414 -0.011580 0.120656 162.221115 77.031375
0.400848 0.318723 0.615938 0.432134 0.312857 0.374451 0.320679 0.310902 -0.461465 -0.344143 -0.782143 -0.427246 -0.099968 -0.209712 -0.023587 0.129542 161.978333 77.034185
0.400172 0.318185 0.614898 0.431405 0.312329 0.373819 0.320138 0.310377 -0.459710 -0.343562 -0.782775 -0.429453 -0.088331 -0.276216 0.024401 0.128348 161.935367 77.134046
0.402158 0.318008 0.614489 0.431512 0.312137 0.373781 0.319965 0.310180 -0.459888 -0.343448 -0.782788 -0.429555 -0.088308 -0.275933 0.024523 0.129160 161.909289 77.152938
0.399965 0.317820 0.614127 0.431258 0.311953 0.373561 0.319776 0.309997 -0.460595 -0.343246 -0.786239 -0.426368 -0.088501 -0.276748 0.024387 0.128106 161.868524 77.170653
0.403500 0.316966 0.616431 0.430724 0.311133 0.375304 0.318911 0.311133 -0.466699 -0.343218 -0.779776 -0.430724 -0.087992 -0.275158 0.024368 0.125911 161.822985 77.178795
0.402601 0.318153 0.614703 0.428132 0.311279 0.376088 0.315207 0.312261 -0.462500 -0.345648 -0.779671 -0.433042 -0.088867 -0.277893 0.024549 0.129127 161.764488 77.206357
0.401784 0.317712 0.613918 0.431111 0.305004 0.378322 0.319668 0.311847 -0.462394 -0.345085 -0.784016 -0.429156 -0.088471 -0.276654 0.024501 0.129040 161.689037 77.283206
0.401538 0.317518 0.613543 0.430848 0.304817 0.378091 0.318495 0.311656 -0.468950 -0.344874 -0.783537 -0.428894 -0.088417 -0.276485 0.024486 0.126519 161.575374 77.287446
0.401539 0.317518 0.613543 0.430848 0.304818 0.378091 0.318495 0.311656 -0.468950 -0.344874 -0.783538 -0.428894 -0.088417 -0.276485 0.024486 0.128961 161.564443 77.308807
0.401570 0.317543 0.613591 0.430882 0.304841 0.378121 0.318520 0.311681 -0.468987 -0.344901 -0.783599 -0.428928 -0.088668 -0.272599 0.024671 0.127506 161.559599 77.310913
0.407435 0.317545 0.613595 0.430884 0.304843 0.378123 0.319499 0.311683 -0.462150 -0.344903 -0.783604 -0.428930 -0.088424 -0.276508 0.024488 0.128972 161.497672 77.337332
0.401119 0.321090 0.614853 0.423566 0.312306 0.372816 0.314258 0.311330 -0.468460 -0.349393 -0.782718 -0.424542 -0.088080 -0.269364 0.023484 0.128826 161.391249 77.382655
0.402159 0.320945 0.614492 0.423686 0.312138 0.372805 0.314095 0.311160 -0.468697 -0.349321 -0.782792 -0.424665 -0.088064 -0.269085 0.023484 0.128671 161.323700 77.395020
0.403411 0.318017 0.614441 0.426968 0.301331 0.378872 0.319980 0.308202 -0.462303 -0.345500 -0.787191 -0.427949 -0.088829 -0.277774 0.024538 0.127600 161.231342 77.414392
0.414064 0.319113 0.610817 0.428747 0.305409 0.375887 0.318134 0.310303 -0.460071 -0.352394 -0.779183 -0.429726 -0.088099 -0.270169 0.023493 0.128232 161.222128 77.472999
0.414084 0.317399 0.613313 0.426780 0.300797 0.377949 0.319352 0.307633 -0.461938 -0.344744 -0.787150 -0.427756 -0.088383 -0.276381 0.024476 0.126471 160.989655 77.528570
0.402819 0.317758 0.614005 0.426284 0.301136 0.378376 0.320691 0.311891 -0.475170 -0.354911 -0.778262 -0.426284 -0.088483 -0.277671 0.024565 0.137858 160.955702 77.579779
0.402925 0.317635 0.613701 0.426454 0.300969 0.378417 0.320576 0.307831 -0.475472 -0.354888 -0.778401 -0.426454 -0.088477 -0.277440 0.024570 0.137740 160.745651 77.583276
0.401033 0.316914 0.612310 0.425487 0.300286 0.377558 0.319849 0.307133 -0.470481 -0.351149 -0.786417 -0.426465 -0.088521 -0.276811 0.024514 0.137427 160.686951 77.595186
0.401972 0.316883 0.612250 0.425445 0.300257 0.377521 0.319817 0.307103 -0.470435 -0.351114 -0.786340 -0.426423 -0.088512 -0.276784 0.024512 0.137414 160.648686 77.604605
0.401973 0.316884 0.612252 0.425446 0.300258 0.377522 0.318840 0.307104 -0.470436 -0.351115 -0.786342 -0.426424 -0.088512 -0.276785 0.024512 0.138392 160.624588 77.613325
0.404789 0.316791 0.612072 0.425322 0.300169 0.377412 0.318747 0.307014 -0.470298 -0.351013 -0.786112 -0.426299 -0.088486 -0.276703 0.024444 0.140307 160.497312 77.653182
0.402468 0.316504 0.611517 0.424936 0.299897 0.377069 0.318458 0.306735 -0.469871 -0.354601 -0.785398 -0.425913 -0.088406 -0.276452 0.024422 0.140180 160.436868 77.666885
0.400365 0.323033 0.649982 0.366104 0.336738 0.355336 0.327928 0.307371 -0.484550 -0.343590 -0.775280 -0.430711 -0.100336 -0.210461 -0.024533 0.137534 160.175156 77.805690
0.400232 0.322925 0.649765 0.365982 0.336625 0.355218 0.327818 0.307269 -0.485367 -0.343475 -0.775021 -0.431546 -0.100303 -0.210880 -0.024525 0.137488 160.148517 77.806941
0.401132 0.322862 0.649638 0.365911 0.336559 0.355149 0.327754 0.307208 -0.486250 -0.343408 -0.774870 -0.431461 -0.100283 -0.210839 -0.024520 0.137461 160.109647 77.819129
0.402601 0.323256 0.650431 0.366357 0.336970 0.355582 0.328154 0.307583 -0.485864 -0.343827 -0.775815 -0.431009 -0.089630 -0.211096 -0.024550 0.137629 160.102557 77.853684
0.401708 0.322539 0.648988 0.365545 0.338178 0.354793 0.327426 0.306901 -0.483809 -0.340132 -0.783868 -0.424188 -0.087232 -0.269760 0.024496 0.137324 159.962186 77.909256
0.401549 0.322412 0.648732 0.365400 0.336090 0.353676 0.329251 0.308734 -0.489480 -0.350745 -0.773789 -0.429883 -0.089396 -0.207614 -0.023998 0.133850 159.897845 77.925655
0.401604 0.322456 0.648821 0.365450 0.336136 0.353725 0.329296 0.308776 -0.489547 -0.350793 -0.773895 -0.429941 -0.087943 -0.207642 -0.023512 0.133868 159.885012 77.931597
0.401622 0.322277 0.648473 0.365378 0.328155 0.359501 0.328155 0.307584 -0.485865 -0.350685 -0.773858 -0.430030 -0.100161 -0.210117 -0.024550 0.137629 159.829270 77.973015
0.413232 0.318472 0.648667 0.365364 0.328241 0.360479 0.318472 0.304795 -0.473801 -0.353641 -0.775665 -0.422024 -0.115764 -0.210035 -0.024545 0.137256 159.688305 78.000224
0.413323 0.318542 0.648809 0.365444 0.328313 0.360558 0.318542 0.309748 -0.473904 -0.353718 -0.775835 -0.427002 -0.088185 -0.270663 0.023512 0.128003 159.675091 78.076393
0.413324 0.318542 0.648810 0.365444 0.328314 0.360559 0.318542 0.304863 -0.473905 -0.353719 -0.775837 -0.427003 -0.088185 -0.270663 0.023512 0.133866 159.602425 78.099740
0.414695 0.318619 0.647041 0.364696 0.327442 0.359794 0.319599 0.310776 -0.474497 -0.355873 -0.778410 -0.429400 -0.072547 -0.273522 0.024754 0.130389 159.552741 78.206076
0.415075 0.324247 0.640681 0.369173 0.311551 0.372103 0.324247 0.309597 -0.483440 -0.341827 -0.787178 -0.426795 -0.087654 -0.272485 0.024660 0.136242 159.230632 78.232490
0.417169 0.319471 0.648712 0.353665 0.334126 0.352688 0.328264 0.309701 -0.484580 -0.341942 -0.789396 -0.427915 -0.073029 -0.294070 0.024669 0.150943 159.024464 78.329102
0.414793 0.313791 0.653078 0.355957 0.313791 0.374588 0.319675 0.311830 -0.487357 -0.344190 -0.786440 -0.429502 -0.088254 -0.274567 0.024821 0.137284 158.802990 78.339238
0.417627 0.319822 0.649424 0.354054 0.311998 0.372637 0.324712 0.310041 -0.484134 -0.342317 -0.790263 -0.427407 -0.087780 -0.272876 0.024696 0.136438 158.630549 78.405805
0.415862 0.287679 0.745617 0.195700 0.406077 0.302356 0.289636 0.282786 -0.512734 -0.473594 -0.547960 -0.657552 -0.054796 -0.210867 -0.024707 0.038651 158.316528 78.409781
0.418545 0.290439 0.743212 0.195582 0.405833 0.301196 0.290439 0.283594 -0.510469 -0.472330 -0.549585 -0.657155 -0.054518 -0.210251 -0.026465 0.039850 158.283570 78.433991
0.418476 0.290391 0.743089 0.195550 0.405765 0.301146 0.290391 0.283547 -0.512340 -0.472252 -0.549494 -0.657047 -0.054632 -0.208260 -0.025666 0.039232 158.274070 78.444782
0.418476 0.290391 0.743089 0.195550 0.405765 0.301146 0.290391 0.283547 -0.512340 -0.472252 -0.549494 -0.657047 -0.054632 -0.208260 -0.025666 0.039843 158.252061 78.446846
0.436262 0.288559 0.745363 0.194166 0.407896 0.299319 0.287581 0.278778 -0.495931 -0.478324 -0.547773 -0.649503 -0.057712 -0.205415 -0.023843 0.031118 158.139466 78.465002
0.437193 0.288528 0.745282 0.194145 0.407851 0.299287 0.287550 0.278747 -0.495877 -0.478272 -0.547714 -0.649432 -0.057706 -0.205393 -0.023840 0.031115 158.137515 78.471943
0.437167 0.288510 0.745237 0.194133 0.407827 0.299268 0.287532 0.278730 -0.495847 -0.478243 -0.547681 -0.649393 -0.057947 -0.207336 -0.025673 0.034841 158.112297 78.482892
0.419776 0.289636 0.745617 0.195700 0.407056 0.302356 0.288657 0.281808 -0.512734 -0.473594 -0.549917 -0.657552 -0.016084 -0.296485 0.023301 0.041709 158.065510 78.523537
0.400261 0.321185 0.636513 0.315328 0.334853 0.330948 0.291898 0.286040 -0.466646 -0.377808 -0.782950 -0.431501 -0.183046 -0.164986 -0.124960 0.094696 158.057624 78.526205
0.438094 0.288477 0.745150 0.195089 0.407779 0.299234 0.286521 0.277720 -0.495789 -0.478187 -0.549573 -0.657140 -0.019497 -0.240071 -0.024142 0.034226 158.031215 78.550136
0.400729 0.318428 0.638815 0.316468 0.332145 0.333124 0.293933 0.283156 -0.468334 -0.379174 -0.785782 -0.425224 -0.180279 -0.165582 -0.139128 0.098958 157.991656 78.555418
0.401322 0.320079 0.642116 0.306375 0.332804 0.333783 0.299524 0.287777 -0.470820 -0.412090 -0.718465 -0.505079 -0.133611 -0.165913 -0.139484 0.095192 157.985233 78.582247
0.418186 0.288911 0.744312 0.193913 0.407413 0.298704 0.286952 0.281076 -0.507307 -0.478906 -0.550399 -0.658128 -0.016098 -0.296745 0.024668 0.037093 157.946622 78.584083
0.437014 0.288409 0.744976 0.194065 0.407684 0.299164 0.286454 0.277655 -0.495673 -0.478075 -0.549444 -0.656987 -0.016070 -0.290365 0.023953 0.031224 157.919809 78.609779
0.436982 0.288389 0.744923 0.194051 0.407655 0.299142 0.286434 0.277635 -0.495638 -0.478041 -0.549405 -0.656940 -0.016069 -0.294254 0.024745 0.033360 157.883579 78.612938
0.436966 0.288378 0.744895 0.194044 0.407640 0.299131 0.286423 0.277625 -0.495619 -0.478023 -0.549385 -0.656916 -0.016069 -0.296199 0.024744 0.034337 157.869697 78.613265
0.436569 0.288116 0.744219 0.193868 0.407269 0.298859 0.286163 0.278349 -0.499076 -0.479542 -0.548886 -0.656319 -0.016115 -0.290069 0.023928 0.031131 157.866898 78.651261
0.436251 0.287574 0.743388 0.193672 0.406907 0.298333 0.286596 0.277792 -0.499830 -0.480268 -0.547759 -0.659267 -0.016078 -0.290508 0.023475 0.033624 157.807555 78.682294
0.436540 0.287764 0.743880 0.193800 0.407176 0.298531 0.286785 0.277976 -0.500161 -0.480585 -0.548122 -0.659704 -0.008075 -0.290700 0.024164 0.033646 157.776993 78.711604
0.437487 0.287743 0.743826 0.193786 0.407147 0.298509 0.286764 0.274041 -0.497189 -0.481529 -0.548082 -0.659656 -0.008074 -0.290679 0.024162 0.033399 157.727328 78.714222
0.400846 0.317744 0.641354 0.306012 0.335342 0.330454 0.296235 0.287436 -0.474172 -0.380315 -0.784094 -0.429199 -0.183314 -0.164738 -0.127586 0.095568 157.646101 78.714337
0.436086 0.287465 0.743106 0.190176 0.407730 0.299198 0.285509 0.277687 -0.498663 -0.479108 -0.551463 -0.659017 -0.015950 -0.296265 0.026583 0.038989 157.600789 78.761350
0.439998 0.278665 0.754841 0.186755 0.408709 0.301154 0.288443 0.278665 -0.500620 -0.480087 -0.549509 -0.657064 -0.008372 -0.296265 0.023955 0.031228 157.521067 78.783210
0.439377 0.277913 0.755454 0.186417 0.409041 0.300420 0.288677 0.278892 -0.501027 -0.479498 -0.549955 -0.657598 -0.008379 -0.296506 0.023975 0.031314 157.503513 78.783558
0.440126 0.277768 0.755060 0.186809 0.408828 0.301241 0.288527 0.278746 -0.500765 -0.480226 -0.549668 -0.657254 -0.008375 -0.296351 0.023962 0.031237 157.454113 78.790038
0.438708 0.277848 0.754578 0.186207 0.408486 0.300271 0.285648 0.276873 -0.498177 -0.480629 -0.549847 -0.657087 -0.016147 -0.295397 0.023215 0.038387 157.448853 78.798854
0.439263 0.277841 0.755258 0.186369 0.408935 0.300342 0.288603 0.278819 -0.500897 -0.480352 -0.549812 -0.657427 -0.008041 -0.296429 0.024825 0.034852 157.444457 78.813294
0.440393 0.278297 0.753844 0.186508 0.408169 0.300756 0.288062 0.278297 -0.499959 -0.479453 -0.552689 -0.656196 -0.008361 -0.290015 0.024717 0.031186 157.419226 78.839253
0.441186 0.277820 0.757157 0.179018 0.409882 0.301298 0.286624 0.278798 -0.500859 -0.479337 -0.549771 -0.659333 -0.016080 -0.290537 0.024762 0.033627 157.324284 78.853901
0.440221 0.277828 0.759136 0.180001 0.410873 0.301307 0.287611 0.278806 -0.499895 -0.480330 -0.549787 -0.657396 -0.008376 -0.290546 0.025680 0.038886 157.231629 78.854795
0.401790 0.289367 0.721462 0.207738 0.395924 0.299143 0.302075 0.292300 -0.551361 -0.333358 -0.799669 -0.427207 -0.177433 -0.151527 -0.024929 0.035071 157.176316 79.025026
0.401903 0.289448 0.721665 0.207796 0.396035 0.299227 0.302160 0.292382 -0.551516 -0.333452 -0.799894 -0.426349 -0.176994 -0.151080 -0.024874 0.038015 157.166722 79.035705
0.401790 0.289367 0.721462 0.207738 0.395924 0.299143 0.302076 0.292300 -0.551361 -0.333359 -0.799670 -0.427207 -0.177433 -0.151527 -0.024929 0.038493 157.159167 79.040409
0.401786 0.289364 0.721455 0.207736 0.395920 0.299140 0.302072 0.292297 -0.551356 -0.333355 -0.799661 -0.427203 -0.177431 -0.152014 -0.024867 0.038737 157.158353 79.041721
0.401504 0.289161 0.720948 0.207590 0.395642 0.298930 0.301861 0.292092 -0.550969 -0.338006 -0.797146 -0.426903 -0.177306 -0.151419 -0.024911 0.034802 157.099687 79.048194
0.402058 0.289560 0.719988 0.207877 0.396189 0.299343 0.302277 0.292495 -0.551730 -0.333581 -0.800204 -0.427493 -0.177551 -0.151628 -0.024884 0.038763 157.092015 79.051571
0.401173 0.288923 0.720355 0.207419 0.395317 0.298684 0.301612 0.291851 -0.550515 -0.340656 -0.796490 -0.426552 -0.177160 -0.151294 -0.023975 0.038800 157.054311 79.105863
0.407127 0.287729 0.720302 0.206989 0.396362 0.298495 0.301431 0.290665 -0.548056 -0.339599 -0.796639 -0.427679 -0.177140 -0.151205 -0.025690 0.038168 156.948533 79.113226
0.408847 0.287562 0.719883 0.207358 0.396131 0.298321 0.301255 0.290496 -0.547737 -0.340380 -0.796175 -0.427431 -0.177036 -0.151117 -0.024942 0.038024 156.942144 79.126499
0.408893 0.287594 0.719964 0.206892 0.396176 0.298355 0.301289 0.290529 -0.547799 -0.340418 -0.796265 -0.427479 -0.177056 -0.151134 -0.024883 0.038762 156.920359 79.133134
0.406963 0.287614 0.720012 0.206417 0.396202 0.298375 0.301309 0.291527 -0.549792 -0.340441 -0.796318 -0.427507 -0.177557 -0.151144 -0.024885 0.038520 156.917563 79.137025
0.407157 0.287750 0.720354 0.206025 0.395412 0.298516 0.301453 0.291665 -0.550053 -0.340602 -0.796696 -0.426732 -0.177152 -0.151216 -0.023979 0.038783 156.911083 79.155896
0.408517 0.287330 0.719302 0.206702 0.395812 0.298080 0.301990 0.291239 -0.549250 -0.341082 -0.797487 -0.426108 -0.176894 -0.150995 -0.025654 0.038970 156.885647 79.165460
0.408622 0.287404 0.719487 0.205777 0.395913 0.298157 0.302067 0.291314 -0.549391 -0.341170 -0.797692 -0.426218 -0.176939 -0.149079 -0.025600 0.038736 156.853219 79.173160
0.408607 0.287393 0.719460 0.205770 0.395899 0.298146 0.302056 0.291303 -0.549371 -0.341157 -0.797663 -0.426202 -0.176933 -0.151028 -0.025660 0.038979 156.848428 79.174804
0.409261 0.282958 0.722571 0.207078 0.394575 0.299603 0.301561 0.291770 -0.550250 -0.340724 -0.796982 -0.426885 -0.177216 -0.151270 -0.024906 0.038062 156.832470 79.179483
0.409744 0.281638 0.723653 0.206339 0.396054 0.298263 0.302174 0.291417 -0.549585 -0.340313 -0.797974 -0.426369 -0.177002 -0.151087 -0.025609 0.038750 156.795494 79.188381
0.409122 0.287069 0.718648 0.205537 0.395452 0.296833 0.301715 0.290974 -0.548750 -0.339795 -0.800667 -0.425721 -0.176733 -0.150857 -0.025631 0.038935 156.789664 79.197257
0.408679 0.282555 0.721543 0.206784 0.394013 0.299176 0.303087 0.292332 -0.551423 -0.341217 -0.797804 -0.427255 -0.177453 -0.151544 -0.024015 0.038864 156.752987 79.214906
0.406809 0.287505 0.719740 0.203894 0.396052 0.299240 0.302173 0.293372 -0.557407 -0.341290 -0.797972 -0.423434 -0.177001 -0.151087 -0.024876 0.038872 156.731987 79.221709
0.408557 0.288336 0.719373 0.203790 0.395851 0.299087 0.302020 0.293223 -0.557123 -0.341116 -0.797566 -0.423218 -0.176911 -0.151010 -0.025962 0.038852 156.703287 79.227175
0.408675 0.287442 0.719582 0.203849 0.395965 0.299174 0.302107 0.293308 -0.557285 -0.341215 -0.797797 -0.423341 -0.176962 -0.151053 -0.025970 0.038985 156.688090 79.231392
0.406394 0.283986 0.716820 0.213969 0.394643 0.295737 0.298675 0.288882 -0.558180 -0.333929 -0.793203 -0.472005 -0.065366 -0.289862 0.049330 0.034397 156.670758 79.369299
0.409125 0.283843 0.720374 0.207988 0.394444 0.298524 0.301461 0.291673 -0.550068 -0.340612 -0.790845 -0.469809 -0.066312 -0.288737 0.049183 0.038050 156.561971 79.421687
0.408913 0.283695 0.719999 0.207391 0.394239 0.297391 0.298369 0.287608 -0.555652 -0.340435 -0.790434 -0.469565 -0.066277 -0.288587 0.049158 0.034606 156.491413 79.468144
0.409163 0.283569 0.720206 0.207035 0.394445 0.297306 0.299268 0.287494 -0.555363 -0.340479 -0.790853 -0.469017 -0.066231 -0.288475 0.049183 0.034220 156.489630 79.473204
0.408026 0.285716 0.716248 0.205970 0.394328 0.295501 0.297458 0.286695 -0.551863 -0.338554 -0.798440 -0.466735 -0.065558 -0.281802 -0.023606 0.078523 156.384343 79.546988
0.407995 0.285694 0.716192 0.205954 0.394297 0.295478 0.297435 0.286673 -0.551820 -0.338528 -0.798378 -0.466699 -0.066042 -0.283737 -0.023604 0.078517 156.381846 79.547604
0.408219 0.283214 0.716825 0.205575 0.393570 0.294934 0.296887 0.286144 -0.548850 -0.339857 -0.798860 -0.468769 -0.065921 -0.283214 -0.021119 0.078372 156.307239 79.589813
0.409778 0.283617 0.715889 0.205867 0.394130 0.295353 0.297309 0.286551 -0.549631 -0.341319 -0.798040 -0.467479 -0.065525 -0.281661 -0.023594 0.078484 156.233970 79.594218
0.409778 0.283617 0.715889 0.205867 0.394130 0.295353 0.297309 0.286551 -0.549630 -0.341319 -0.798040 -0.467479 -0.065525 -0.281661 -0.023716 0.078484 156.232358 79.594233
0.408642 0.285463 0.717568 0.200411 0.394956 0.295239 0.297194 0.286441 -0.551374 -0.339232 -0.799687 -0.467299 -0.065500 -0.283508 -0.021202 0.080653 156.214207 79.630392
0.407918 0.282706 0.719970 0.200046 0.394223 0.296401 0.298357 0.286619 -0.553673 -0.337486 -0.800184 -0.468567 -0.066030 -0.281727 -0.023844 0.080214 156.174250 79.636742
0.409559 0.283466 0.719416 0.199892 0.393920 0.297150 0.299105 0.287376 -0.555202 -0.340159 -0.797614 -0.467230 -0.065979 -0.283466 -0.021138 0.080641 156.089379 79.654136
0.408536 0.283434 0.717382 0.199381 0.392898 0.296140 0.300049 0.287344 -0.555140 -0.340121 -0.799480 -0.469132 -0.065972 -0.283434 -0.021135 0.080632 156.030911 79.705242
0.408654 0.282539 0.717589 0.199439 0.393012 0.296226 0.300136 0.287427 -0.555301 -0.340219 -0.799711 -0.469268 -0.065991 -0.283516 -0.021142 0.080655 155.960832 79.710433
0.411314 0.283699 0.720536 0.191423 0.394626 0.297442 0.299405 0.287625 -0.555618 -0.340635 -0.799068 -0.469232 -0.066016 -0.283699 -0.021167 0.080741 155.778037 79.764311
0.408049 0.283775 0.716288 0.200110 0.386521 0.301389 0.292582 0.282797 -0.547980 -0.355208 -0.794570 -0.450126 -0.094184 -0.309217 0.023607 0.078527 155.752084 79.794096
0.408092 0.283805 0.716364 0.199642 0.386562 0.301421 0.292613 0.282827 -0.548038 -0.355246 -0.794655 -0.450174 -0.094194 -0.309250 0.023610 0.083429 155.681689 79.813686
0.420361 0.284160 0.709420 0.200382 0.387045 0.301797 0.292979 0.283180 -0.548722 -0.355690 -0.795648 -0.450736 -0.094312 -0.309636 0.023639 0.078634 155.162150 79.853364
0.420422 0.283540 0.709828 0.200434 0.387179 0.302117 0.293317 0.282562 -0.547526 -0.355892 -0.795868 -0.450731 -0.094350 -0.309939 0.023649 0.080418 155.132598 79.857931
0.414604 0.279662 0.737292 0.136409 0.460563 0.232237 0.322687 0.294330 -0.496743 -0.454696 -0.627774 -0.690355 0.141787 -0.448829 0.023835 0.099740 154.914793 79.898196
0.414331 0.280139 0.736589 0.136641 0.460368 0.232143 0.323237 0.294831 -0.496610 -0.454491 -0.628843 -0.689572 0.142028 -0.448614 0.023814 0.100154 154.879732 79.901063
0.414330 0.279477 0.736803 0.136318 0.460258 0.232083 0.322473 0.294135 -0.496414 -0.454394 -0.629312 -0.689898 0.141693 -0.448531 0.023819 0.100162 154.855006 79.917067
0.413971 0.279235 0.736166 0.136200 0.459859 0.231882 0.325124 0.294857 -0.499890 -0.454001 -0.628767 -0.691254 0.141082 -0.446191 0.023737 0.099831 154.815785 79.938089
0.416028 0.281259 0.734398 0.136235 0.458999 0.231941 0.322276 0.293954 -0.495132 -0.459975 -0.626972 -0.687521 0.141606 -0.449233 0.023865 0.100101 154.800896 79.969940
0.414462 0.280544 0.733129 0.136362 0.459428 0.231669 0.322577 0.298139 -0.500483 -0.459428 -0.627559 -0.688164 0.142227 -0.451608 0.026209 0.100439 154.760010 79.992617
0.414400 0.278547 0.734973 0.136341 0.459358 0.231634 0.322528 0.296140 -0.498453 -0.460336 -0.627464 -0.688060 0.141228 -0.446653 0.023762 0.099935 154.708911 80.004819
0.415417 0.278574 0.735044 0.136355 0.459403 0.231656 0.322559 0.295191 -0.497523 -0.460380 -0.627524 -0.688126 0.141731 -0.443763 0.024009 0.099700 154.622766 80.009007
0.414800 0.280773 0.733727 0.135984 0.458824 0.231858 0.321861 0.294469 -0.499912 -0.461759 -0.626113 -0.686768 0.141365 -0.447084 0.025864 0.100521 154.621688 80.021114
0.415480 0.279593 0.739065 0.125622 0.461427 0.232669 0.325541 0.295235 -0.500531 -0.457516 -0.627619 -0.692140 0.142730 -0.451651 0.023829 0.099960 154.579645 80.033923
0.415468 0.279585 0.739044 0.125618 0.461414 0.232662 0.325531 0.295227 -0.500516 -0.457503 -0.627601 -0.692120 0.141259 -0.446750 0.023767 0.099957 154.554769 80.042679
0.413635 0.278690 0.731440 0.137878 0.457639 0.230775 0.326606 0.295314 -0.500665 -0.462528 -0.627787 -0.688414 0.141790 -0.447860 0.023774 0.100231 154.517394 80.057441
0.413704 0.278737 0.731561 0.137901 0.457715 0.230814 0.326660 0.294385 -0.498792 -0.461627 -0.629847 -0.688528 0.145725 -0.447935 0.023900 0.099758 154.443736 80.065868
0.414988 0.279263 0.738191 0.125473 0.460881 0.232394 0.325156 0.294886 -0.499939 -0.460881 -0.626877 -0.691322 0.141584 -0.448188 0.023740 0.099841 154.430390 80.071413
0.414915 0.279214 0.738061 0.125451 0.461776 0.231376 0.325098 0.296786 -0.498875 -0.460800 -0.628719 -0.689247 0.141559 -0.447132 0.023797 0.099580 154.413105 80.079965
0.415237 0.279110 0.738416 0.125355 0.461265 0.232591 0.325138 0.295758 -0.496521 -0.461265 -0.628731 -0.689450 0.142003 -0.448534 0.023871 0.101606 154.321351 80.083615
0.414990 0.280901 0.736020 0.125280 0.460013 0.232943 0.327881 0.295583 -0.500141 -0.461970 -0.628358 -0.689040 0.141919 -0.449246 0.023857 0.100077 154.313451 80.100767
0.414633 0.278703 0.737342 0.125172 0.461572 0.231275 0.325643 0.297284 -0.499710 -0.461572 -0.629772 -0.688446 0.141308 -0.445926 0.023775 0.099747 154.284808 80.111489
0.416001 0.278965 0.738035 0.125290 0.460048 0.231982 0.324970 0.294627 -0.499201 -0.456133 -0.638194 -0.681263 0.142419 -0.450260 0.025755 0.099840 154.244000 80.134584
0.414763 0.278791 0.737574 0.125212 0.460739 0.232326 0.324768 0.295421 -0.497912 -0.460739 -0.633884 -0.684751 0.144776 -0.449001 0.023783 0.101490 154.153887 80.140944
0.414786 0.278807 0.737615 0.125219 0.460765 0.232339 0.324786 0.295437 -0.497939 -0.460765 -0.633919 -0.684789 0.144784 -0.446091 0.023784 0.101495 154.145018 80.148834
0.415124 0.276097 0.738216 0.125321 0.461140 0.232528 0.325050 0.295678 -0.498345 -0.461140 -0.634435 -0.685347 0.144902 -0.449392 0.023865 0.100110 154.006596 80.156945
0.419440 0.274738 0.739153 0.125148 0.460504 0.232207 0.324602 0.295270 -0.499613 -0.463437 -0.627694 -0.690267 0.143235 -0.447794 0.023832 0.101438 153.986844 80.174038
0.422223 0.278550 0.736935 0.125103 0.460340 0.232125 0.324486 0.295165 -0.497480 -0.460340 -0.633334 -0.684157 0.144650 -0.448612 0.023762 0.101402 153.982882 80.179659
0.427717 0.278650 0.736570 0.125197 0.459869 0.231883 0.324442 0.294238 -0.498841 -0.455972 -0.637192 -0.680061 0.142248 -0.450126 0.023749 0.099622 153.928617 80.184259
0.415328 0.276232 0.744456 0.112893 0.464305 0.234602 0.328148 0.298762 -0.501528 -0.460387 -0.632788 -0.687642 0.143993 -0.452551 0.026264 0.100648 153.844186 80.197024
0.418781 0.274947 0.745586 0.112278 0.462811 0.233852 0.319956 0.295495 -0.497057 -0.461833 -0.634042 -0.684922 0.141877 -0.450091 0.023911 0.100292 153.838270 80.220347
0.418856 0.275332 0.745935 0.112281 0.462792 0.233837 0.320245 0.295836 -0.496965 -0.462792 -0.628773 -0.691260 0.142060 -0.446194 0.026118 0.108131 153.810505 80.221585
0.431427 0.276153 0.742959 0.112771 0.463858 0.233894 0.327256 0.298756 -0.501202 -0.459927 -0.630925 -0.685959 0.143973 -0.452065 0.026227 0.100486 153.688912 80.243083
0.419536 0.275779 0.743234 0.110018 0.461587 0.233728 0.321742 0.296316 -0.500705 -0.463543 -0.629793 -0.692381 0.142290 -0.450830 0.026099 0.099505 153.662001 80.250346
0.414896 0.275296 0.743884 0.112754 0.463707 0.230877 0.326059 0.297749 -0.499827 -0.459802 -0.638451 -0.683358 0.142041 -0.446135 0.026053 0.107629 153.651475 80.270868
0.430260 0.278346 0.738988 0.112220 0.462603 0.231791 0.327350 0.296968 -0.500826 -0.457702 -0.639019 -0.682143 0.145543 -0.451822 0.025789 0.099969 153.489449 80.302399
0.428420 0.278131 0.737780 0.111984 0.461601 0.231288 0.322047 0.294722 -0.495757 -0.466480 -0.630431 -0.688985 0.142481 -0.450866 0.026288 0.109057 153.221939 80.320732
0.429554 0.275305 0.740005 0.112270 0.462747 0.231862 0.323142 0.294830 -0.495940 -0.460794 -0.636521 -0.687287 0.144975 -0.448103 0.022332 0.108365 153.201762 80.320778
0.432815 0.276766 0.745894 0.098144 0.467165 0.235546 0.329764 0.299339 -0.500534 -0.463240 -0.630084 -0.690934 0.146235 -0.452444 0.026438 0.100352 153.200614 80.335347
0.433349 0.276835 0.745399 0.098066 0.467586 0.235750 0.330636 0.299334 -0.500846 -0.463674 -0.629970 -0.690619 0.146243 -0.452913 0.026473 0.099778 153.159424 80.335652
0.433866 0.276185 0.744329 0.097938 0.466185 0.235051 0.329072 0.299690 -0.501443 -0.464226 -0.630721 -0.691443 0.146417 -0.453453 0.026504 0.100631 153.081045 80.363728
0.428797 0.277399 0.736476 0.111839 0.461030 0.231003 0.326237 0.295958 -0.497170 -0.462983 -0.638800 -0.683731 0.143095 -0.446379 0.026067 0.107688 153.018983 80.375342
0.419913 0.276027 0.745860 0.096903 0.465918 0.233938 0.323989 0.298540 -0.500177 -0.466897 -0.632317 -0.691046 0.142908 -0.451236 0.026367 0.109138 152.854178 80.381092
0.428163 0.274063 0.737338 0.111917 0.461324 0.231150 0.326730 0.296496 -0.497411 -0.463275 -0.639806 -0.684671 0.142396 -0.446694 0.026090 0.107772 152.756832 80.399363
0.429417 0.275844 0.743410 0.097817 0.465609 0.234761 0.328665 0.298342 -0.499845 -0.466587 -0.631898 -0.690589 0.142813 -0.450937 0.026288 0.108821 152.631198 80.405489
0.431344 0.275825 0.743359 0.097810 0.464599 0.234745 0.328643 0.298322 -0.497855 -0.462643 -0.637723 -0.688585 0.145737 -0.449928 0.026287 0.108814 152.591739 80.416268
0.431069 0.275923 0.742342 0.097702 0.465437 0.234682 0.328948 0.298508 -0.497841 -0.462491 -0.638257 -0.689318 0.145817 -0.450708 0.026328 0.108258 152.461027 80.418844
0.429027 0.278182 0.740512 0.096482 0.464289 0.235083 0.329117 0.298752 -0.500531 -0.467228 -0.632766 -0.691537 0.143009 -0.449597 0.026263 0.108726 152.439382 80.420654
0.426915 0.277787 0.738816 0.096494 0.463953 0.233926 0.326522 0.297281 -0.498067 -0.464928 -0.639398 -0.690082 0.142305 -0.446409 0.026073 0.107703 152.116312 80.434551
0.432045 0.276626 0.737018 0.096037 0.462347 0.234106 0.327455 0.297153 -0.498514 -0.463324 -0.641225 -0.692054 0.142712 -0.447685 0.026209 0.107767 151.885911 80.442206
0.431987 0.277216 0.736631 0.095997 0.462353 0.234115 0.327174 0.297787 -0.498597 -0.464313 -0.640634 -0.691571 0.143016 -0.447660 0.026142 0.107997 151.882041 80.448446
0.402139 0.284726 0.700563 0.138449 0.385505 0.305273 0.280812 0.273963 -0.508789 -0.465738 -0.657512 -0.700563 0.146766 -0.465738 0.025684 0.039260 151.542457 80.480225
0.402051 0.284664 0.700409 0.138419 0.385421 0.305206 0.280751 0.273903 -0.510634 -0.465635 -0.657367 -0.700409 0.146734 -0.465635 0.024578 0.038395 151.495009 80.485836
0.402051 0.284664 0.700411 0.138419 0.385421 0.305207 0.280751 0.273904 -0.510634 -0.465636 -0.657369 -0.700411 0.146734 -0.465636 0.024578 0.051968 151.431726 80.506971
0.401216 0.283787 0.698703 0.137979 0.384580 0.304337 0.279873 0.273023 -0.508860 -0.473631 -0.655646 -0.698703 0.146297 -0.456995 0.016208 0.034006 151.304854 80.556205
0.401301 0.283847 0.698851 0.137030 0.384662 0.304402 0.279932 0.273080 -0.508967 -0.473731 -0.655785 -0.698851 0.146328 -0.457092 0.016211 0.033279 151.292269 80.563641
0.401203 0.283778 0.698681 0.137975 0.384568 0.304327 0.279864 0.273014 -0.508843 -0.473616 -0.655625 -0.698681 0.146292 -0.462852 0.048805 0.034004 151.192476 80.574716
0.401203 0.283778 0.698681 0.137975 0.384568 0.304327 0.279864 0.273014 -0.508843 -0.473616 -0.655625 -0.698681 0.146292 -0.462852 0.048805 0.034127 151.190642 80.574772
0.402161 0.288656 0.696688 0.136989 0.384548 0.300398 0.275935 0.264193 -0.506860 -0.409989 -0.808236 -0.470656 -0.058710 -0.409010 0.023300 0.034003 151.033287 80.650766
0.400033 0.287555 0.692478 0.137909 0.384384 0.292445 0.269949 0.265059 -0.506644 -0.416661 -0.807891 -0.469477 -0.063575 -0.408836 0.027203 0.034355 150.983401 80.789092
0.400084 0.287591 0.688652 0.135481 0.382476 0.295416 0.266070 0.263136 -0.506707 -0.409865 -0.821687 -0.464645 -0.066273 -0.410844 0.016813 0.033870 150.549439 80.867164
0.400101 0.287603 0.688683 0.135487 0.381515 0.297386 0.266082 0.263147 -0.506730 -0.409884 -0.821724 -0.464665 -0.066276 -0.411840 0.024823 0.034116 150.527952 80.877339
0.401214 0.288953 0.685286 0.134714 0.381691 0.295786 0.265524 0.261619 -0.507619 -0.410000 -0.823905 -0.464667 -0.066381 -0.407072 0.016168 0.031238 150.360936 80.915347
0.401323 0.288757 0.685186 0.134590 0.381747 0.295609 0.265265 0.261350 -0.507038 -0.410133 -0.824181 -0.464948 -0.066072 -0.407196 0.016151 0.031200 150.335978 80.922144
0.402372 0.290493 0.683052 0.135433 0.379800 0.297363 0.266940 0.262033 -0.508363 -0.412186 -0.820447 -0.467145 -0.066735 -0.409242 0.024842 0.034472 150.279687 80.923975
0.402984 0.290501 0.682725 0.135469 0.379509 0.297347 0.266048 0.262135 -0.508621 -0.412765 -0.821618 -0.464605 -0.066267 -0.411787 0.024575 0.034112 150.218259 80.941087
0.400546 0.288198 0.683859 0.134329 0.381007 0.295036 0.264751 0.260843 -0.506055 -0.409338 -0.826492 -0.466001 -0.067653 -0.409338 0.018440 0.034926 150.126163 80.963708
0.402426 0.289825 0.681481 0.135121 0.378927 0.296679 0.266326 0.262409 -0.509153 -0.410260 -0.824436 -0.467050 -0.066826 -0.409280 0.016278 0.034270 150.060809 80.968776
0.402043 0.289549 0.680831 0.134992 0.378566 0.296396 0.266072 0.262159 -0.508667 -0.410847 -0.825606 -0.466604 -0.066763 -0.408890 0.016263 0.034359 149.979606 80.997212
0.401776 0.289357 0.680380 0.134903 0.378315 0.296200 0.265896 0.261985 -0.508330 -0.410574 -0.827013 -0.466295 -0.066718 -0.408619 0.016252 0.034337 149.914983 81.015301
0.401966 0.289219 0.680401 0.134806 0.378436 0.296082 0.265690 0.262748 -0.505889 -0.410789 -0.827461 -0.466672 -0.066667 -0.408829 0.016238 0.034314 149.791063 81.017145
0.405341 0.289111 0.679800 0.134788 0.377992 0.295948 0.265669 0.262739 -0.505943 -0.410224 -0.826309 -0.470781 -0.062022 -0.406317 0.016238 0.034307 149.707914 81.021275
0.403368 0.283634 0.685039 0.133965 0.380795 0.290504 0.266949 0.262042 -0.508381 -0.411220 -0.826365 -0.466180 -0.067719 -0.409257 0.018463 0.034963 149.597223 81.076616
0.403772 0.288409 0.678494 0.134428 0.377375 0.295252 0.264945 0.262012 -0.504471 -0.420392 -0.821231 -0.469275 -0.063548 -0.409638 0.024930 0.034218 149.327067 81.114237
0.402745 0.288373 0.678411 0.134411 0.377329 0.295216 0.264912 0.261980 -0.504409 -0.419363 -0.817221 -0.486813 -0.033358 -0.437936 0.024622 0.033236 149.290891 81.125889
0.402457 0.282993 0.683492 0.133663 0.379935 0.291806 0.266346 0.262429 -0.509191 -0.411270 -0.828415 -0.467085 -0.066831 -0.409312 0.016279 0.034395 149.147921 81.131133
0.405856 0.283610 0.682621 0.135448 0.378473 0.292412 0.267963 0.260139 -0.502675 -0.419548 -0.823448 -0.464534 -0.066502 -0.408790 0.016748 0.033618 148.798571 81.145783
0.402883 0.282605 0.682554 0.133479 0.380392 0.291406 0.265981 0.262069 -0.508493 -0.411684 -0.829235 -0.467422 -0.066740 -0.409728 0.016257 0.034348 148.762930 81.154097
0.402276 0.282866 0.683184 0.133603 0.379764 0.291674 0.268184 0.264269 -0.507005 -0.419894 -0.818255 -0.483514 -0.033401 -0.438491 0.024775 0.035113 148.617769 81.202415
0.401936 0.282627 0.682607 0.133490 0.379444 0.291428 0.267958 0.262090 -0.506577 -0.419539 -0.817564 -0.487018 -0.033372 -0.438120 0.024754 0.035084 148.567676 81.210755
0.401936 0.282627 0.682607 0.133490 0.379443 0.291428 0.267958 0.264046 -0.506577 -0.419539 -0.817564 -0.487018 -0.033372 -0.438120 0.024754 0.035084 148.452844 81.214486
0.403914 0.282935 0.680996 0.135126 0.377572 0.291716 0.268301 0.259520 -0.501478 -0.418549 -0.821488 -0.482941 -0.033172 -0.465380 0.049148 0.038416 147.932264 81.233460
0.404019 0.282716 0.680866 0.134999 0.377607 0.291520 0.268042 0.259238 -0.500867 -0.418693 -0.821734 -0.483258 -0.033138 -0.465650 0.050747 0.034239 147.852802 81.245618
0.400979 0.281663 0.678730 0.134475 0.377507 0.296333 0.274817 0.267971 -0.499757 -0.423473 -0.823474 -0.472373 -0.066748 -0.412715 0.016198 0.034474 147.368831 81.256779
0.400941 0.281636 0.678665 0.134462 0.377471 0.296305 0.274791 0.267946 -0.499709 -0.423432 -0.823395 -0.472328 -0.066986 -0.417565 0.023347 0.034227 147.338999 81.259686
0.401942 0.277438 0.684281 0.134798 0.376453 0.298025 0.273516 0.268615 -0.500957 -0.424490 -0.823490 -0.464684 -0.069114 -0.428411 0.025244 0.033944 147.290065 81.274509
0.400450 0.282268 0.677834 0.133320 0.377009 0.295942 0.274454 0.267618 -0.499097 -0.425844 -0.824340 -0.470772 -0.066172 -0.410217 0.016787 0.033574 147.257077 81.298575
0.400861 0.281580 0.678530 0.133457 0.377396 0.296246 0.274736 0.267892 -0.499609 -0.426281 -0.823231 -0.471256 -0.066240 -0.406727 0.016804 0.033609 147.226102 81.300142
0.400443 0.281287 0.677823 0.133318 0.377002 0.295937 0.274450 0.267613 -0.499089 -0.425837 -0.824326 -0.470765 -0.062997 -0.444394 0.049079 0.034062 147.156632 81.320667
0.404096 0.281110 0.677397 0.133234 0.376765 0.295751 0.274277 0.267445 -0.498775 -0.425569 -0.821856 -0.486086 -0.033309 -0.437282 0.024585 0.033553 146.965650 81.353158
0.401913 0.281339 0.676390 0.133317 0.376426 0.295063 0.270556 0.267615 -0.497980 -0.421518 -0.843037 -0.446025 -0.067149 -0.467591 0.049871 0.050239 146.809818 81.381726
0.400886 0.280620 0.674661 0.132977 0.375464 0.294309 0.269864 0.266931 -0.496707 -0.420441 -0.840882 -0.460529 -0.067222 -0.418485 0.023405 0.050111 146.518727 81.424156
0.400595 0.282082 0.673862 0.125370 0.381006 0.295794 0.277184 0.262493 -0.495602 -0.422143 -0.844286 -0.467198 -0.033424 -0.465239 0.049340 0.057298 146.375586 81.457766
0.400190 0.281796 0.673180 0.125243 0.380621 0.295495 0.276904 0.264184 -0.496079 -0.422694 -0.845389 -0.459876 -0.058708 -0.426608 0.023728 0.051981 146.260757 81.471256
0.400233 0.281827 0.673253 0.125256 0.380662 0.295527 0.276934 0.262256 -0.495154 -0.422740 -0.845480 -0.459926 -0.058714 -0.426654 0.023730 0.050641 146.254568 81.471277
0.400128 0.281753 0.673077 0.125224 0.380562 0.295449 0.276861 0.262187 -0.495024 -0.422629 -0.845259 -0.459805 -0.061878 -0.426543 0.023724 0.050016 146.198287 81.471591
0.400891 0.281602 0.672715 0.125156 0.380358 0.295291 0.276713 0.262046 -0.498670 -0.422402 -0.844805 -0.459558 -0.061845 -0.426314 0.025728 0.049989 146.004058 81.473495
0.400728 0.281487 0.674395 0.125105 0.381180 0.295170 0.276600 0.261939 -0.495534 -0.422230 -0.844460 -0.467190 -0.033353 -0.463280 0.049114 0.033842 145.899248 81.490259
0.400459 0.278368 0.673943 0.132835 0.375064 0.293995 0.276414 0.261763 -0.498132 -0.421947 -0.843893 -0.459062 -0.061778 -0.426830 0.025700 0.049935 145.833802 81.509474
0.400458 0.278367 0.673942 0.132835 0.375063 0.293995 0.276414 0.261763 -0.498131 -0.421946 -0.843892 -0.459062 -0.061778 -0.426830 0.024968 0.050057 145.830966 81.510389
0.401499 0.279091 0.673736 0.125346 0.377018 0.295739 0.271257 0.268319 -0.496488 -0.423043 -0.846087 -0.460255 -0.062061 -0.426960 0.023747 0.050677 145.699356 81.551493
0.401879 0.278675 0.672732 0.125159 0.377434 0.295298 0.270853 0.267919 -0.496726 -0.423391 -0.846782 -0.460548 -0.062091 -0.427302 0.023773 0.050724 145.192390 81.568882
0.400174 0.277872 0.671197 0.125727 0.374735 0.296462 0.275915 0.263195 -0.449095 -0.480405 -0.812090 -0.448117 -0.110562 -0.429527 0.099310 0.031432 144.945030 81.627606
0.400141 0.275892 0.673097 0.125717 0.374704 0.296437 0.275892 0.263173 -0.449058 -0.480365 -0.812022 -0.448079 -0.110552 -0.429491 0.099301 0.031429 144.810121 81.646288
0.400141 0.275892 0.673098 0.125717 0.374704 0.296437 0.275892 0.262195 -0.449058 -0.480365 -0.812022 -0.448080 -0.110552 -0.429491 0.099546 0.031429 144.785755 81.648567
0.400188 0.275924 0.673176 0.125731 0.374748 0.295493 0.270053 0.267118 -0.455959 -0.469658 -0.823858 -0.439326 -0.113745 -0.429541 0.099558 0.031433 144.751080 81.666256
0.400601 0.278168 0.667996 0.125861 0.375135 0.291881 0.270333 0.261517 -0.457410 -0.471123 -0.824710 -0.439780 -0.113618 -0.433903 0.098681 0.038566 144.255384 81.708718
0.400713 0.277567 0.668506 0.125589 0.375302 0.291250 0.269748 0.260952 -0.457399 -0.471082 -0.824882 -0.439807 -0.113617 -0.433943 0.098712 0.038483 144.160303 81.721912
0.400819 0.276663 0.668683 0.125622 0.375401 0.292304 0.272752 0.260043 -0.457520 -0.471206 -0.825100 -0.439923 -0.113647 -0.434057 0.098738 0.038615 143.892180 81.733065
0.400829 0.276670 0.668700 0.125626 0.375410 0.291334 0.269826 0.261028 -0.457531 -0.471218 -0.825121 -0.439934 -0.113650 -0.434068 0.098741 0.038494 143.865326 81.738647
0.402094 0.276868 0.667222 0.124004 0.374701 0.291543 0.272955 0.260236 -0.451989 -0.481339 -0.812015 -0.454924 -0.110062 -0.424596 0.098567 0.039011 143.322389 81.752626
0.402493 0.276775 0.668547 0.124013 0.375205 0.294317 0.268978 0.266054 -0.449271 -0.480457 -0.816680 -0.447322 -0.110125 -0.427831 0.098187 0.031308 143.142851 81.766075
0.400088 0.275855 0.667139 0.125700 0.374654 0.290528 0.269008 0.263138 -0.451933 -0.482257 -0.811914 -0.454867 -0.110049 -0.424543 0.098555 0.039006 142.997981 81.782866
0.400069 0.275842 0.667108 0.125694 0.374637 0.291493 0.272908 0.260192 -0.451912 -0.482235 -0.811876 -0.454846 -0.110043 -0.425502 0.098550 0.038271 142.682786 81.784642
0.401938 0.275782 0.666962 0.125667 0.374555 0.291429 0.272848 0.260135 -0.451813 -0.482130 -0.811699 -0.454747 -0.110264 -0.424431 0.098529 0.038507 142.444908 81.791932
0.400054 0.275832 0.667083 0.125689 0.374623 0.292460 0.272898 0.260182 -0.451895 -0.482217 -0.811846 -0.454829 -0.110284 -0.425486 0.099280 0.033868 142.141603 81.792956
0.401539 0.276486 0.666301 0.124809 0.376138 0.289186 0.276486 0.261831 -0.449411 -0.480675 -0.818710 -0.447457 -0.110643 -0.424987 0.099408 0.035049 142.080917 81.831783
0.401539 0.276486 0.666301 0.124809 0.376138 0.289186 0.276486 0.261831 -0.449411 -0.480675 -0.818710 -0.447457 -0.110643 -0.424987 0.099408 0.033828 141.961090 81.834234
0.401315 0.277984 0.663638 0.121618 0.372929 0.294624 0.271132 0.261344 -0.450256 -0.481578 -0.820249 -0.449277 -0.111096 -0.426764 0.098616 0.038541 141.471654 81.856150
0.401199 0.277904 0.663446 0.121583 0.372821 0.294539 0.271054 0.259311 -0.451104 -0.482417 -0.820011 -0.448168 -0.112531 -0.425662 0.098587 0.038530 141.289866 81.865456
0.400841 0.277656 0.662855 0.121474 0.372489 0.294276 0.270812 0.262013 -0.449724 -0.479054 -0.825146 -0.451680 -0.095811 -0.446791 0.098988 0.049983 141.067441 81.915814
0.401109 0.278819 0.659383 0.118131 0.378607 0.295451 0.285668 0.274906 -0.457851 -0.459807 -0.857003 -0.424588 -0.110549 -0.423610 0.089271 0.034608 140.390117 81.945117
0.400234 0.277913 0.659554 0.118407 0.378705 0.295527 0.285742 0.274977 -0.457969 -0.459926 -0.857225 -0.424698 -0.110578 -0.429591 0.099569 0.031681 140.176780 81.958404
0.401895 0.275753 0.661024 0.125164 0.371582 0.291398 0.269886 0.264018 -0.449809 -0.480122 -0.825302 -0.451765 -0.096073 -0.445898 0.098518 0.051948 139.896384 81.986178
0.401904 0.275759 0.661039 0.125167 0.371590 0.291405 0.268914 0.263047 -0.449819 -0.480133 -0.825321 -0.451775 -0.095831 -0.445908 0.098520 0.051949 139.738081 81.989194
0.401787 0.275679 0.660848 0.125131 0.371482 0.291320 0.268836 0.262970 -0.449689 -0.480972 -0.825082 -0.451644 -0.095803 -0.445779 0.098492 0.051934 139.606599 82.000645
0.404598 0.275596 0.662603 0.123383 0.374302 0.291233 0.269732 0.263868 -0.449554 -0.478872 -0.824833 -0.451508 -0.095774 -0.446622 0.099684 0.038481 138.837797 82.008077
0.402067 0.275871 0.661308 0.125218 0.371741 0.290545 0.270001 0.264132 -0.450002 -0.479350 -0.825656 -0.451959 -0.094403 -0.447067 0.098560 0.039008 138.590243 82.030303
0.402064 0.275869 0.661302 0.125217 0.371738 0.290543 0.270977 0.264130 -0.449999 -0.479346 -0.825650 -0.451955 -0.094402 -0.447064 0.096114 0.038397 138.442757 82.035217
0.401904 0.275759 0.661040 0.125167 0.371590 0.290427 0.268914 0.263047 -0.449820 -0.480134 -0.825322 -0.451776 -0.095831 -0.446886 0.099743 0.038504 138.211696 82.042295
0.402068 0.275871 0.661309 0.125218 0.371742 0.290545 0.270002 0.264132 -0.450003 -0.479351 -0.825658 -0.451960 -0.094403 -0.447068 0.099539 0.034484 138.127418 82.044494
0.401773 0.275669 0.660824 0.125126 0.371469 0.290332 0.268826 0.262961 -0.449673 -0.480954 -0.825052 -0.451628 -0.095800 -0.448695 0.099466 0.038369 137.957474 82.056223
0.400878 0.295281 0.623805 0.108041 0.419455 0.214127 0.321680 0.294303 -0.443899 -0.486920 -0.836954 -0.485942 -0.033488 -0.466387 0.049376 0.057321 137.760743 82.138470
0.401114 0.295196 0.623737 0.108124 0.419748 0.214287 0.321676 0.294216 -0.444265 -0.486436 -0.837534 -0.485456 -0.033467 -0.465841 0.049404 0.057372 137.707857 82.140208
0.400997 0.287544 0.625946 0.108074 0.414689 0.216636 0.318841 0.293412 -0.447943 -0.480218 -0.848939 -0.483152 -0.033376 -0.465547 0.049147 0.091691 136.962111 82.208875
0.401931 0.287513 0.625878 0.108062 0.414644 0.216613 0.318807 0.293380 -0.447894 -0.480166 -0.848847 -0.483100 -0.033372 -0.465497 0.049141 0.091681 136.723665 82.210992
0.401057 0.285631 0.629953 0.108579 0.416708 0.213734 0.320846 0.294435 -0.449967 -0.476378 -0.849067 -0.483225 -0.033258 -0.453879 0.024577 0.091705 136.663381 82.267874
0.401333 0.287785 0.626471 0.108164 0.415037 0.216818 0.319109 0.293658 -0.448318 -0.480621 -0.847694 -0.483557 -0.033281 -0.454192 0.026307 0.076106 135.997785 82.310202
0.401723 0.287364 0.625555 0.108006 0.414430 0.217967 0.318642 0.295184 -0.447663 -0.479918 -0.850364 -0.482850 -0.033233 -0.453527 0.026268 0.075751 135.551525 82.333097
0.400281 0.284102 0.630687 0.107881 0.413949 0.217714 0.321201 0.288984 -0.448120 -0.480338 -0.847425 -0.483266 -0.033316 -0.465693 0.047961 0.083229 135.513282 82.359798
0.401996 0.287559 0.624023 0.108079 0.415689 0.213224 0.317880 0.292450 -0.447966 -0.480243 -0.850940 -0.483178 -0.033255 -0.453835 0.026286 0.077025 135.026643 82.362926
0.400173 0.284719 0.626187 0.108115 0.414849 0.212806 0.318964 0.293525 -0.448115 -0.480403 -0.851223 -0.483338 -0.033388 -0.465727 0.047942 0.090993 134.760572 82.378455
0.402028 0.285342 0.629516 0.108596 0.416736 0.213761 0.320641 0.294166 -0.450075 -0.476550 -0.847200 -0.485375 -0.033461 -0.467725 0.048047 0.050621 134.138017 82.425594
0.400200 0.284739 0.626230 0.108123 0.414878 0.218202 0.321922 0.292567 -0.448146 -0.480436 -0.851282 -0.483372 -0.033268 -0.454017 0.026297 0.075833 133.040230 82.462682
0.401300 0.287762 0.622505 0.108155 0.415003 0.212885 0.319083 0.291677 -0.448282 -0.480582 -0.851540 -0.483518 -0.033279 -0.464921 0.048450 0.034135 132.617802 82.479772
0.401138 0.286667 0.624210 0.108112 0.414836 0.212799 0.318954 0.293516 -0.448101 -0.480388 -0.851196 -0.483323 -0.033387 -0.465712 0.047941 0.035467 132.576309 82.494770
0.402189 0.283783 0.626280 0.108131 0.414911 0.218220 0.319011 0.295526 -0.448182 -0.480474 -0.851350 -0.483410 -0.033271 -0.454053 0.026299 0.075839 132.477418 82.513999
0.401868 0.284819 0.626211 0.108026 0.414548 0.215077 0.318958 0.293598 -0.449663 -0.480876 -0.850555 -0.481851 -0.033164 -0.467220 0.049136 0.057061 132.370002 82.524876
0.401030 0.285329 0.627528 0.096826 0.415737 0.217184 0.317686 0.286310 -0.449075 -0.482412 -0.853046 -0.484373 -0.033460 -0.465743 0.049148 0.033828 131.727772 82.567759
0.400050 0.284632 0.625995 0.108571 0.414722 0.212741 0.319844 0.293435 -0.449934 -0.480256 -0.850962 -0.483190 -0.033990 -0.461672 0.048784 0.038269 131.524995 82.572105
0.400019 0.284610 0.625946 0.108074 0.414689 0.212724 0.318841 0.291456 -0.448921 -0.481196 -0.850896 -0.483152 -0.033376 -0.464570 0.049024 0.033742 131.176280 82.590209
0.400134 0.283998 0.626552 0.108573 0.414773 0.212754 0.319131 0.293757 -0.449907 -0.480161 -0.851017 -0.483089 -0.034036 -0.462594 0.048797 0.038306 130.868541 82.609965
0.402975 0.284626 0.622069 0.117616 0.413734 0.215670 0.319837 0.295385 -0.442099 -0.486113 -0.847031 -0.481223 -0.033255 -0.463617 0.049149 0.038513 130.597040 82.618333
0.401718 0.283451 0.623592 0.108249 0.415402 0.213077 0.319615 0.294202 -0.450589 -0.481866 -0.852307 -0.482844 -0.033232 -0.468183 0.049237 0.057179 130.435730 82.637535
0.402999 0.284642 0.622105 0.117623 0.413758 0.212748 0.318878 0.293446 -0.442125 -0.486142 -0.847080 -0.481251 -0.033257 -0.463644 0.049152 0.038392 130.399351 82.643844
0.401718 0.283451 0.623591 0.108249 0.415402 0.213077 0.319615 0.294202 -0.450589 -0.481866 -0.852307 -0.482843 -0.033232 -0.468182 0.049237 0.051314 130.333927 82.686661
0.401535 0.283321 0.625261 0.108199 0.414235 0.212979 0.319469 0.294068 -0.450383 -0.480669 -0.851918 -0.483600 -0.033339 -0.465038 0.051169 0.034316 129.395060 82.696572
0.401498 0.283295 0.623250 0.108190 0.415174 0.212960 0.319440 0.294041 -0.450342 -0.481602 -0.851840 -0.483556 -0.046158 -0.425920 0.023689 0.038220 129.311142 82.719328
0.400986 0.282646 0.623974 0.107826 0.415656 0.213207 0.319811 0.294382 -0.450865 -0.481183 -0.852829 -0.484117 -0.033497 -0.465535 0.048045 0.038387 128.844980 82.726518
0.401634 0.283392 0.623462 0.108226 0.415315 0.213032 0.319548 0.294141 -0.450495 -0.481766 -0.852129 -0.483720 -0.033347 -0.464176 0.024614 0.038233 128.287699 82.733024
0.400706 0.282449 0.625492 0.108239 0.414389 0.212081 0.319587 0.294177 -0.450550 -0.480847 -0.852233 -0.483779 -0.033351 -0.464232 0.024006 0.038360 128.235368 82.753299
0.400940 0.282614 0.621945 0.108303 0.418542 0.202915 0.311951 0.286525 -0.443967 -0.487973 -0.850774 -0.484061 -0.033493 -0.464503 0.023775 0.034104 127.824326 82.954752
0.400481 0.282290 0.621234 0.107935 0.418063 0.202682 0.311594 0.286197 -0.444436 -0.487415 -0.865430 -0.439552 -0.097678 -0.462995 0.023748 0.031501 125.364784 83.008775
0.401040 0.256274 0.665139 0.144276 0.362892 0.309094 0.294422 0.287575 -0.476357 -0.410821 -0.933151 -0.344307 -0.183891 -0.304203 -0.025615 0.077029 124.542001 83.172229
0.401003 0.286571 0.590746 0.116633 0.401003 0.200013 0.307110 0.279724 -0.486094 -0.454797 -0.895900 -0.482182 -0.025980 -0.464577 0.025735 0.067241 123.398875 83.241573
0.400658 0.286045 0.591681 0.116328 0.394781 0.213554 0.314453 0.282126 -0.487843 -0.453557 -0.899277 -0.466292 -0.063185 -0.444741 0.049103 0.034164 122.552624 83.304618
0.400204 0.286000 0.591522 0.115913 0.394348 0.213280 0.314307 0.289904 -0.486102 -0.451938 -0.907781 -0.458771 -0.062471 -0.426559 0.023915 0.033310 122.269799 83.355049
0.400450 0.285896 0.591373 0.116023 0.394575 0.213443 0.312331 0.281000 -0.481715 -0.452342 -0.908600 -0.459195 -0.062540 -0.426885 0.023927 0.033289 122.032271 83.359693
0.401063 0.286613 0.590834 0.116651 0.401063 0.200042 0.307155 0.279766 -0.486166 -0.454864 -0.896033 -0.482253 -0.025922 -0.456820 0.025494 0.033993 121.305959 83.361993
0.400315 0.285799 0.591174 0.115984 0.394442 0.213371 0.314184 0.289714 -0.486446 -0.452189 -0.908294 -0.459041 -0.062152 -0.411081 -0.023919 0.037927 121.163528 83.430103
0.401433 0.281003 0.595296 0.117003 0.399475 0.201206 0.309397 0.281982 -0.487594 -0.456263 -0.898818 -0.465075 -0.057645 -0.444514 0.049322 0.033902 119.949331 83.567439
0.402271 0.280905 0.595087 0.116962 0.399335 0.201136 0.309289 0.281884 -0.487424 -0.456103 -0.898504 -0.465891 -0.057992 -0.444358 0.049305 0.034991 119.722863 83.570629
0.401251 0.280875 0.595025 0.116950 0.399293 0.201115 0.309257 0.281854 -0.487373 -0.456056 -0.898410 -0.464864 -0.063124 -0.444312 0.049055 0.034131 119.638064 83.581520
0.401186 0.280830 0.594930 0.116931 0.399229 0.201082 0.309207 0.281809 -0.487294 -0.455982 -0.898266 -0.464789 -0.065070 -0.444240 0.049292 0.033758 119.524699 83.587584
0.401057 0.280740 0.594737 0.116893 0.399100 0.199550 0.309107 0.281718 -0.487137 -0.456813 -0.897975 -0.464639 -0.065049 -0.444097 0.023782 0.034114 118.839265 83.680247
0.404617 0.280496 0.594221 0.116792 0.398753 0.200843 0.308838 0.281473 -0.493555 -0.455439 -0.897195 -0.464235 -0.064993 -0.443711 0.049233 0.033718 118.803404 83.713257
0.406775 0.280636 0.594518 0.116850 0.398953 0.200943 0.308993 0.281614 -0.486957 -0.455667 -0.897644 -0.464467 -0.065025 -0.442955 0.023957 0.034468 118.562418 83.736429
0.401332 0.280249 0.593698 0.116689 0.398403 0.216290 0.326144 0.298802 -0.440391 -0.477498 -0.896406 -0.463827 -0.064936 -0.442344 0.019530 0.000202 117.016822 83.747505
0.402948 0.280695 0.594642 0.116875 0.399036 0.199518 0.309057 0.281673 -0.487059 -0.456740 -0.897832 -0.464564 -0.065039 -0.444026 0.049268 0.000151 116.503768 83.782326
0.400930 0.279673 0.592594 0.116612 0.397996 0.216111 0.325633 0.298253 -0.449824 -0.477204 -0.895736 -0.463514 -0.064784 -0.442001 0.019496 0.000202 116.138060 83.845607
0.401064 0.278489 0.592280 0.116201 0.395180 0.213770 0.314772 0.290257 -0.487357 -0.453036 -0.909994 -0.459900 -0.062145 -0.438327 -0.008304 0.033340 116.022962 83.890399
0.400720 0.279527 0.592284 0.116307 0.396811 0.199872 0.307871 0.280504 -0.493570 -0.452521 -0.912861 -0.436883 -0.110687 -0.402675 -0.000037 0.000001 115.865937 84.040274
0.402039 0.275852 0.588875 0.109803 0.392257 0.216182 0.318893 0.293459 -0.494968 -0.453884 -0.907768 -0.483230 -0.033259 -0.463666 0.024516 0.038272 114.937326 84.176759
0.401840 0.275715 0.588583 0.109748 0.392063 0.216075 0.318734 0.284515 -0.489834 -0.455614 -0.919050 -0.445837 -0.094594 -0.429216 -0.012741 0.038864 113.386021 84.308545
0.401861 0.273774 0.588614 0.115621 0.387195 0.211197 0.307018 0.274752 -0.478127 -0.450749 -0.930832 -0.451727 -0.060010 -0.437061 -0.008280 0.034833 111.389202 84.326904
0.407458 0.275547 0.574546 0.127025 0.377168 0.215455 0.306815 0.283364 -0.485628 -0.462177 -0.910675 -0.471948 -0.064001 -0.427978 -0.012367 0.035176 111.290677 84.336647
0.403709 0.273355 0.589512 0.115762 0.387171 0.211096 0.307402 0.274327 -0.478614 -0.461103 -0.914424 -0.460131 -0.062502 -0.437756 -0.008269 0.034777 111.213907 84.342148
0.400030 0.273450 0.589416 0.115709 0.387469 0.211127 0.307269 0.274417 -0.478297 -0.450275 -0.931471 -0.451241 -0.060029 -0.436748 -0.008274 0.034061 111.179147 84.352540
0.401773 0.275669 0.574800 0.127082 0.377334 0.215550 0.306951 0.279579 -0.493663 -0.449673 -0.932583 -0.452606 -0.064030 -0.428167 -0.025661 0.045945 110.948419 84.406580
0.401509 0.275488 0.574422 0.126998 0.377086 0.215408 0.306749 0.279396 -0.493338 -0.462077 -0.910478 -0.471846 -0.063987 -0.427885 -0.012364 0.035169 110.717248 84.445675
0.403669 0.275273 0.573892 0.124992 0.386161 0.199403 0.306400 0.279164 -0.483431 -0.459113 -0.929899 -0.448414 -0.067602 -0.433823 -0.024743 0.050459 110.637620 84.458226
0.400810 0.271769 0.584596 0.115111 0.393967 0.205293 0.311849 0.287410 -0.483904 -0.458487 -0.926750 -0.449689 -0.067453 -0.435025 -0.025662 0.039226 110.427515 84.501299
0.400700 0.271694 0.584435 0.115079 0.393859 0.201816 0.307855 0.282445 -0.483772 -0.458362 -0.926496 -0.442725 -0.093089 -0.421224 -0.012644 0.033107 110.233583 84.524728
0.403673 0.266835 0.600134 0.103606 0.398786 0.201837 0.308864 0.283451 -0.485777 -0.461341 -0.916818 -0.442770 -0.093099 -0.422244 -0.012584 0.033354 109.874700 84.562563
0.403513 0.266729 0.599896 0.103565 0.398628 0.201756 0.308741 0.283338 -0.486560 -0.462135 -0.916453 -0.442594 -0.093062 -0.422077 -0.012579 0.034196 109.837584 84.575339
0.403415 0.266664 0.599750 0.103540 0.398531 0.201708 0.308666 0.284246 -0.487419 -0.460069 -0.918184 -0.443464 -0.091086 -0.421974 -0.012668 0.033211 109.813398 84.582342
0.400615 0.266751 0.599945 0.103574 0.398661 0.201773 0.308767 0.284339 -0.487578 -0.460218 -0.918483 -0.443608 -0.091115 -0.422111 -0.012672 0.033222 109.733359 84.601254
0.401414 0.266304 0.599183 0.102067 0.398476 0.202175 0.308403 0.282948 -0.486592 -0.462115 -0.918356 -0.443513 -0.093255 -0.425890 -0.012820 0.038550 109.609527 84.617001
0.402479 0.266046 0.598359 0.103300 0.397607 0.201240 0.307950 0.282613 -0.486289 -0.460951 -0.921902 -0.440486 -0.092824 -0.420995 -0.020587 0.038128 109.395851 84.653987
0.402734 0.264905 0.600191 0.103860 0.398824 0.202344 0.308893 0.283478 -0.486800 -0.462362 -0.916904 -0.442812 -0.093841 -0.426194 -0.012769 0.039223 108.926623 84.667099
0.401718 0.264880 0.600134 0.103851 0.398786 0.201837 0.308864 0.284428 -0.487731 -0.460363 -0.918772 -0.443747 -0.093588 -0.415402 -0.025840 0.038608 108.795740 84.692352
0.402459 0.264724 0.599781 0.103790 0.398552 0.202206 0.308682 0.283284 -0.486468 -0.462047 -0.918232 -0.443487 -0.093533 -0.415158 -0.025764 0.039196 108.744154 84.697707
0.400209 0.263218 0.596889 0.103477 0.398252 0.202062 0.307251 0.282789 -0.486318 -0.461855 -0.913925 -0.475554 -0.048558 -0.421736 -0.012659 0.033147 108.626646 84.814230
0.405068 0.258304 0.604667 0.103224 0.399198 0.202045 0.311139 0.284722 -0.490191 -0.455946 -0.919720 -0.446162 -0.094663 -0.429529 -0.012720 0.038892 107.494401 84.846825
0.404560 0.257980 0.605862 0.103094 0.400651 0.202768 0.311726 0.285342 -0.488599 -0.464169 -0.900976 -0.481758 -0.033469 -0.492508 0.024980 0.034691 107.460812 84.866490
0.406379 0.257536 0.605161 0.102819 0.399524 0.202210 0.311394 0.284955 -0.488633 -0.465132 -0.902846 -0.478841 -0.033538 -0.493530 0.019523 0.038924 107.430459 84.887615
0.403649 0.257752 0.604987 0.102614 0.398786 0.201824 0.311247 0.284013 -0.485351 -0.462980 -0.918179 -0.443527 -0.094347 -0.426992 -0.012827 0.038784 107.293755 84.906571
0.404351 0.257492 0.605058 0.103291 0.399455 0.202175 0.309382 0.283927 -0.486592 -0.462115 -0.918356 -0.443513 -0.093255 -0.422953 -0.012605 0.035001 107.222569 84.914238
0.405462 0.256956 0.603797 0.103075 0.398623 0.201754 0.310692 0.284312 -0.487532 -0.463106 -0.918397 -0.443566 -0.094282 -0.426957 -0.012701 0.038836 107.114544 84.940092
0.403773 0.256146 0.600282 0.102165 0.396929 0.200909 0.306985 0.282543 -0.485896 -0.461455 -0.915088 -0.476119 -0.048638 -0.458522 0.023953 0.033363 106.827241 84.972142
0.401338 0.253528 0.597113 0.098132 0.391549 0.217310 0.317155 0.294641 -0.487479 -0.456155 -0.939718 -0.450282 -0.068032 -0.467901 0.049066 0.033771 106.435166 85.057762
0.401298 0.253503 0.597053 0.098122 0.394447 0.206522 0.314187 0.289718 -0.486452 -0.461003 -0.937667 -0.449258 -0.068025 -0.437513 -0.024898 0.054934 106.254741 85.157540
0.403582 0.253093 0.596089 0.097964 0.393810 0.206188 0.313680 0.289250 -0.486643 -0.461236 -0.938107 -0.449510 -0.067915 -0.437783 -0.024857 0.054967 106.210132 85.158237
0.403822 0.248695 0.600808 0.102433 0.397912 0.208313 0.316163 0.291540 -0.490496 -0.465873 -0.923866 -0.446174 -0.092830 -0.445189 0.024069 0.038782 105.689807 85.176147
0.404149 0.248897 0.599324 0.102270 0.393306 0.204046 0.313462 0.286848 -0.492865 -0.469208 -0.910815 -0.483008 -0.033761 -0.497794 0.019653 0.039183 105.662154 85.238341
0.400944 0.247901 0.598483 0.094369 0.397033 0.207806 0.328579 0.296308 -0.491890 -0.460597 -0.940752 -0.442017 -0.093146 -0.423436 -0.016197 0.038872 105.368945 85.275597
0.401474 0.247739 0.597315 0.098165 0.394620 0.207102 0.314325 0.289845 -0.487644 -0.462185 -0.940037 -0.450434 -0.068055 -0.438684 -0.024909 0.055080 105.341967 85.289052
0.400774 0.246705 0.594823 0.101412 0.390048 0.206238 0.320815 0.289611 -0.492436 -0.462207 -0.936115 -0.449530 -0.093855 -0.426127 -0.025902 0.038639 104.878667 85.324146
0.400027 0.245983 0.602486 0.102941 0.398071 0.201481 0.316892 0.289506 -0.487075 -0.457733 -0.938940 -0.442084 -0.078734 -0.468492 0.049025 0.033743 104.726097 85.358810
0.400540 0.246787 0.579754 0.125842 0.376057 0.204187 0.312401 0.287919 -0.490637 -0.466154 -0.940142 -0.443630 -0.093769 -0.426002 -0.025891 0.038683 104.364773 85.397987
0.507191 0.185056 0.607062 0.123126 0.370112 0.213940 0.311364 0.284928 -0.475858 -0.465088 -0.926260 -0.477817 -0.068539 -0.397528 -0.023928 0.038553 104.078647 85.414902
0.501731 0.190638 0.605262 0.124188 0.374307 0.216023 0.314577 0.288694 -0.494762 -0.469875 -0.913867 -0.472861 -0.066201 -0.450960 0.024390 0.035091 104.072677 85.458071
0.504705 0.183396 0.602515 0.122019 0.366791 0.211761 0.309083 0.282674 -0.485142 -0.460690 -0.948766 -0.444062 -0.097811 -0.423521 0.021702 0.033623 103.976377 85.519898
0.494169 0.183968 0.602789 0.114491 0.367936 0.212346 0.309223 0.283780 -0.486341 -0.461877 -0.951154 -0.472641 -0.032415 -0.442306 0.023669 0.033638 103.948249 85.585471
0.492436 0.183686 0.601866 0.121888 0.367373 0.212510 0.306795 0.283346 -0.485597 -0.461170 -0.949698 -0.471918 -0.032365 -0.441629 0.023633 0.033586 103.803488 85.618370
0.494714 0.184296 0.602261 0.121968 0.366636 0.211671 0.308952 0.280599 -0.490803 -0.464406 -0.946410 -0.452673 -0.068439 -0.454629 0.021693 0.041430 103.729273 85.713583
0.490950 0.182884 0.598528 0.121515 0.365767 0.211245 0.307088 0.279704 -0.504641 -0.460632 -0.954515 -0.437160 -0.097065 -0.460632 0.024327 0.038875 103.404184 85.802935
0.470425 0.182889 0.598545 0.121763 0.365778 0.215652 0.313943 0.288514 -0.492919 -0.467491 -0.944762 -0.483139 -0.032763 -0.466513 0.043522 0.049879 103.245742 85.865105
0.471284 0.183331 0.600349 0.121976 0.366662 0.216086 0.314841 0.289419 -0.493772 -0.462484 -0.952345 -0.473239 -0.032389 -0.467372 0.044244 0.033366 103.072000 85.928752
0.467017 0.181618 0.603107 0.120915 0.368130 0.212948 0.307428 0.284909 -0.488556 -0.463100 -0.953615 -0.473870 -0.033411 -0.466037 0.044181 0.033411 102.987009 85.957782
0.502859 0.159419 0.627835 0.104311 0.378866 0.211575 0.322774 0.296205 -0.499907 -0.461528 -0.946674 -0.445783 -0.094225 -0.437910 0.025278 0.037395 102.921836 86.026258
0.499522 0.158361 0.623669 0.103619 0.376352 0.210171 0.320632 0.294239 -0.496589 -0.466285 -0.944301 -0.453578 -0.094577 -0.466285 0.024622 0.037146 102.702113 86.069399
0.492611 0.155896 0.615763 0.097740 0.373368 0.209164 0.326452 0.294198 -0.508249 -0.461334 -0.967628 -0.443741 -0.096274 -0.463289 0.024435 0.050458 102.621761 86.165248
0.491564 0.156052 0.616405 0.097532 0.373549 0.208719 0.317956 0.293573 -0.507169 -0.464255 -0.965571 -0.442797 -0.097289 -0.462304 0.024383 0.038038 102.499792 86.247649
0.491805 0.155950 0.615978 0.097530 0.373498 0.208748 0.317767 0.293323 -0.506471 -0.464428 -0.966011 -0.442918 -0.097285 -0.462473 0.024382 0.031410 102.453329 86.267279
0.497403 0.143857 0.618340 0.106064 0.373540 0.208714 0.317948 0.293565 -0.507156 -0.464243 -0.965547 -0.442786 -0.103138 -0.462292 0.023712 0.031453 101.900451 86.344069
0.467249 0.156401 0.617785 0.097751 0.374385 0.209187 0.326487 0.294230 -0.508304 -0.465294 -0.969687 -0.443788 -0.096284 -0.463339 0.024438 0.050464 101.759432 86.389733
0.471419 0.156323 0.617451 0.097763 0.374391 0.209247 0.318527 0.294025 -0.507682 -0.465539 -0.968321 -0.443977 -0.097518 -0.463579 0.024441 0.038101 101.670247 86.462174
0.474176 0.144208 0.621807 0.098013 0.375430 0.209713 0.319702 0.295260 -0.508395 -0.466355 -0.969862 -0.444846 -0.104857 -0.464400 0.024687 0.009624 101.262047 86.467735
