0.347577 0.398347 0.448140 0.601425 0.342695 0.391512 0.353435 0.333908 -0.362222 -0.342695 -0.369056 -0.656100 -0.203567 0.169395 -0.028619 0.052112 191.343699 80.626174
0.347516 0.401357 0.448345 0.601056 0.338706 0.391567 0.352411 0.333811 -0.362200 -0.342621 -0.369052 -0.655875 -0.203615 0.169353 -0.028633 0.050781 191.335909 80.788745
0.347449 0.400301 0.449237 0.600940 0.338641 0.391492 0.352343 0.333747 -0.362130 -0.342555 -0.368981 -0.655749 -0.204065 0.169320 -0.028689 0.050894 191.286046 80.803544
0.346464 0.400142 0.447964 0.599237 0.337681 0.390382 0.354272 0.339633 -0.366959 -0.350368 -0.367935 -0.653890 -0.203487 0.168840 -0.028608 0.050750 191.062529 80.874642
0.346437 0.400262 0.448215 0.598924 0.337629 0.390475 0.354266 0.339586 -0.366988 -0.350351 -0.367967 -0.653728 -0.203556 0.168814 -0.028625 0.050400 191.030899 80.881986
0.346832 0.401543 0.447462 0.599872 0.337062 0.390796 0.351717 0.330223 -0.380049 -0.368326 -0.365395 -0.646768 -0.106736 -0.109667 0.058253 0.079381 190.965024 82.135784
0.346924 0.400673 0.447581 0.600032 0.337152 0.390901 0.350833 0.330311 -0.380151 -0.368424 -0.365492 -0.646940 -0.106765 -0.109696 0.059490 0.079402 190.961434 82.140674
0.346585 0.399304 0.447143 0.599445 0.336822 0.390518 0.350490 0.329988 -0.379779 -0.373921 -0.364158 -0.646307 -0.107148 -0.109589 0.058212 0.079324 190.907051 82.191562
0.346571 0.402217 0.446149 0.599421 0.329974 0.389526 0.349499 0.328998 -0.378787 -0.367072 -0.349499 -0.687284 -0.077612 -0.110073 0.059430 0.078833 190.898957 82.460444
0.346819 0.402505 0.446468 0.599850 0.330211 0.389805 0.349750 0.329234 -0.380035 -0.374174 -0.364404 -0.646744 -0.106488 -0.110152 0.059472 0.078889 190.800438 82.464606
0.346854 0.402546 0.446514 0.599912 0.330244 0.389845 0.349786 0.329267 -0.379097 -0.374212 -0.364441 -0.646810 -0.106499 -0.109430 0.058990 0.080118 190.756793 82.470338
0.348762 0.400685 0.449668 0.597598 0.329169 0.389908 0.350722 0.330148 -0.381091 -0.368356 -0.344844 -0.689687 -0.077884 -0.110458 0.059637 0.079598 190.564542 82.491561
0.347786 0.399709 0.448693 0.597604 0.328192 0.388932 0.349745 0.329172 -0.380115 -0.367379 -0.349745 -0.687734 -0.077640 -0.110214 0.059515 0.078864 190.564203 82.587839
0.348009 0.399820 0.448698 0.596308 0.328458 0.389067 0.349965 0.329436 -0.380269 -0.367561 -0.349965 -0.688198 -0.077716 -0.110219 0.059509 0.079182 190.439413 82.599131
0.346868 0.402720 0.446813 0.599670 0.323351 0.389981 0.349808 0.329231 -0.379203 -0.367445 -0.349808 -0.687857 -0.077653 -0.110233 0.059526 0.074959 190.388888 82.630813
0.347502 0.400362 0.448327 0.602990 0.320094 0.391552 0.350439 0.329882 -0.386657 -0.373932 -0.364143 -0.646060 -0.106943 -0.110124 0.058733 0.079289 190.316262 82.693221
0.346196 0.399984 0.447904 0.602421 0.318814 0.391182 0.352064 0.331527 -0.381403 -0.373579 -0.348152 -0.684569 -0.077258 -0.109776 0.059289 0.078481 190.235034 82.760816
0.347402 0.400246 0.448197 0.602815 0.319022 0.391438 0.352295 0.331744 -0.381652 -0.373824 -0.348380 -0.685017 -0.072416 -0.108380 0.059327 0.078532 190.160930 82.763500
0.347521 0.403320 0.447372 0.601065 0.319132 0.391573 0.350458 0.329900 -0.386679 -0.374931 -0.364163 -0.646096 -0.106948 -0.110130 0.059470 0.080028 190.132933 82.765342
0.347439 0.400289 0.448245 0.602880 0.317099 0.391480 0.352332 0.331780 -0.381693 -0.373864 -0.348417 -0.683133 -0.077317 -0.109859 0.059334 0.078541 190.087823 82.809964
0.347241 0.400061 0.447990 0.602537 0.316919 0.391258 0.352132 0.331591 -0.381476 -0.373651 -0.348219 -0.684701 -0.077273 -0.109797 0.059300 0.078496 190.069113 82.826579
0.347241 0.400061 0.447990 0.602537 0.316919 0.391258 0.352132 0.331591 -0.381477 -0.373651 -0.348220 -0.684701 -0.077273 -0.109797 0.059300 0.079719 190.032394 82.831948
0.347116 0.399917 0.448807 0.602320 0.316805 0.391117 0.352005 0.331472 -0.381339 -0.373517 -0.348094 -0.684455 -0.077246 -0.109757 0.059279 0.078468 190.022838 82.841203
0.346942 0.400694 0.448582 0.602018 0.319578 0.390921 0.351829 0.333260 -0.383103 -0.378216 -0.368443 -0.652838 -0.076718 -0.110435 0.059615 0.071832 189.904118 82.882714
0.348844 0.400633 0.448513 0.601926 0.319529 0.390861 0.351775 0.333209 -0.383044 -0.378158 -0.368387 -0.652738 -0.076707 -0.110418 0.059606 0.071821 189.851013 82.893287
0.348616 0.404434 0.447522 0.601265 0.319239 0.390725 0.351554 0.332948 -0.382891 -0.377994 -0.368202 -0.652187 -0.076137 -0.110412 0.059735 0.072465 189.706595 82.919823
0.347082 0.400856 0.448763 0.602261 0.316774 0.391079 0.351971 0.333395 -0.383257 -0.378369 -0.368592 -0.653102 -0.076749 -0.110480 0.059640 0.071861 189.640265 82.963455
0.348493 0.400376 0.448343 0.601053 0.313252 0.389608 0.350451 0.329894 -0.380798 -0.368072 -0.350451 -0.689155 -0.077824 -0.109883 0.058368 0.079537 189.590900 82.980308
0.350283 0.402971 0.446879 0.599091 0.318084 0.390287 0.349307 0.328817 -0.385408 -0.344428 -0.375651 -0.665439 -0.106597 -0.075374 -0.006403 0.124648 189.377525 82.996511
0.347727 0.401449 0.456148 0.589964 0.322331 0.383867 0.356518 0.336983 -0.401449 -0.362379 -0.372146 -0.658337 -0.076676 -0.111595 0.060071 0.074478 189.348040 83.083390
0.349103 0.400930 0.455691 0.588683 0.322700 0.383328 0.356926 0.337368 -0.401908 -0.362793 -0.372572 -0.659090 -0.076763 -0.111723 0.060140 0.074563 189.288104 83.100732
0.347726 0.401447 0.455169 0.588008 0.322330 0.382889 0.356517 0.336981 -0.401447 -0.362377 -0.373121 -0.660288 -0.076920 -0.111839 0.060193 0.074722 189.191789 83.120830
0.347726 0.401447 0.455169 0.588008 0.322330 0.382889 0.356517 0.336981 -0.401447 -0.362377 -0.373121 -0.660288 -0.076920 -0.111839 0.060193 0.074966 189.191759 83.123980
0.346476 0.400308 0.456096 0.589206 0.320050 0.383669 0.357243 0.337668 -0.402265 -0.363115 -0.372903 -0.659675 -0.076832 -0.111822 0.060438 0.074629 189.174580 83.154320
0.349246 0.401095 0.455879 0.588925 0.319898 0.383486 0.356094 0.337507 -0.402073 -0.362942 -0.372725 -0.659361 -0.076795 -0.111769 0.060409 0.074594 189.130334 83.179161
0.347353 0.400189 0.450091 0.587075 0.318977 0.382577 0.352245 0.333654 -0.398232 -0.357137 -0.363986 -0.677093 -0.106897 -0.075097 -0.006406 0.119616 189.125891 83.241828
0.347051 0.399842 0.450678 0.586565 0.318700 0.382245 0.351939 0.333365 -0.397887 -0.357805 -0.364648 -0.678461 -0.101916 -0.075031 -0.006400 0.119513 189.048060 83.298785
0.346324 0.398174 0.453938 0.586989 0.318931 0.381543 0.355129 0.333606 -0.348280 -0.345345 -0.364912 -0.704387 -0.076798 -0.114218 -0.027882 0.132073 188.838782 83.345060
0.346444 0.398312 0.454096 0.587193 0.319041 0.381675 0.355252 0.333721 -0.348401 -0.345465 -0.365038 -0.704631 -0.076824 -0.106429 -0.028809 0.130161 188.798346 83.353506
0.346446 0.398315 0.454099 0.587197 0.319044 0.381678 0.355254 0.333723 -0.348403 -0.345467 -0.365041 -0.704636 -0.076825 -0.106429 -0.027892 0.130162 188.766626 83.355486
0.346455 0.398325 0.454110 0.587212 0.319052 0.381688 0.354284 0.333732 -0.348412 -0.345476 -0.365050 -0.704654 -0.076827 -0.106432 -0.025446 0.129187 188.742097 83.365524
0.347320 0.400152 0.449071 0.602674 0.290575 0.395260 0.346342 0.331667 -0.405044 -0.345364 -0.376671 -0.667247 -0.106887 -0.075579 -0.006421 0.124986 188.737367 83.636482
0.347305 0.399156 0.452964 0.598735 0.290562 0.395243 0.345349 0.331652 -0.405026 -0.345349 -0.376655 -0.667217 -0.106882 -0.075576 -0.006420 0.124736 188.473265 83.713645
0.348143 0.399974 0.452782 0.598493 0.290445 0.395084 0.346187 0.331518 -0.404863 -0.345209 -0.376503 -0.666949 -0.107328 -0.075545 -0.006418 0.124686 188.384736 83.715696
0.347901 0.398718 0.448558 0.598077 0.289266 0.394809 0.345946 0.331288 -0.405559 -0.357673 -0.364514 -0.678211 -0.107742 -0.075493 -0.006505 0.131929 188.290246 83.741367
0.348292 0.398188 0.451997 0.596793 0.289591 0.395253 0.344379 0.329703 -0.405036 -0.357097 -0.363946 -0.677017 -0.107129 -0.075333 -0.006375 0.132077 188.228532 83.763925
0.348569 0.397525 0.451377 0.597266 0.289821 0.393608 0.345631 0.330944 -0.404379 -0.357381 -0.364235 -0.677555 -0.106969 -0.075393 -0.006364 0.132182 188.224860 83.779601
0.347199 0.399035 0.451848 0.596596 0.289496 0.394145 0.344265 0.329595 -0.401969 -0.358936 -0.363826 -0.676794 -0.106605 -0.074819 -0.006372 0.132034 188.196205 83.799441
0.347111 0.399911 0.451734 0.596445 0.289422 0.394045 0.344178 0.329511 -0.401867 -0.358845 -0.363734 -0.676623 -0.106578 -0.074800 -0.006371 0.132000 188.162148 83.803326
0.347419 0.399141 0.451840 0.597248 0.289841 0.394262 0.344491 0.329853 -0.402069 -0.358154 -0.373768 -0.663609 -0.107105 -0.075144 -0.006374 0.129306 188.136410 83.839409
0.347393 0.399257 0.452100 0.596929 0.289657 0.394365 0.344457 0.329779 -0.402193 -0.358157 -0.373815 -0.663472 -0.107154 -0.075105 -0.005887 0.129172 188.083534 83.847537
0.347364 0.397267 0.451083 0.596878 0.289633 0.393353 0.345407 0.330729 -0.403137 -0.358127 -0.374761 -0.665373 -0.106900 -0.075344 -0.006391 0.130628 187.987201 83.868198
0.347188 0.398043 0.450855 0.596576 0.289486 0.393153 0.345232 0.330562 -0.402933 -0.358923 -0.374571 -0.665035 -0.106846 -0.075305 -0.006388 0.129584 187.975228 83.870491
0.348315 0.397236 0.451049 0.596833 0.289611 0.393323 0.345380 0.330704 -0.403107 -0.358100 -0.374733 -0.665322 -0.106892 -0.075338 -0.006390 0.130618 187.950020 83.875338
0.347276 0.397166 0.450969 0.596727 0.289560 0.393253 0.345319 0.330646 -0.403036 -0.359015 -0.374667 -0.665204 -0.106873 -0.075325 -0.006389 0.131573 187.937902 83.884138
0.349192 0.398236 0.452184 0.598335 0.290340 0.394313 0.346250 0.331536 -0.404121 -0.359982 -0.375676 -0.666996 -0.076999 -0.110839 -0.006406 0.131928 187.919658 83.912933
0.349181 0.400042 0.452859 0.598595 0.292451 0.394173 0.346246 0.327662 -0.408844 -0.367764 -0.375589 -0.667062 -0.059664 -0.075558 -0.059419 0.142313 187.870273 83.935327
0.349298 0.400463 0.452611 0.598234 0.292230 0.393575 0.346346 0.327651 -0.408334 -0.367993 -0.375864 -0.667110 -0.059651 -0.075517 -0.059405 0.142179 187.852778 83.958663
0.347801 0.398746 0.450671 0.595670 0.290977 0.391888 0.344862 0.325267 -0.468306 -0.364456 -0.374253 -0.664250 -0.059396 -0.075194 -0.006383 0.129813 187.728311 84.046521
0.347649 0.398429 0.450186 0.595691 0.291010 0.391594 0.344720 0.325189 -0.467764 -0.366204 -0.374016 -0.664049 -0.059325 -0.075194 -0.006378 0.129880 187.703187 84.052927
0.347613 0.398531 0.450428 0.595348 0.290820 0.391677 0.344675 0.325092 -0.468054 -0.366218 -0.374051 -0.663892 -0.059363 -0.075153 -0.006380 0.130722 187.684669 84.067066
0.347605 0.398521 0.450417 0.595334 0.290813 0.391667 0.344667 0.325084 -0.468042 -0.366209 -0.374042 -0.663876 -0.059362 -0.075886 -0.006380 0.132188 187.675716 84.074733
0.347212 0.399049 0.450886 0.594661 0.290484 0.392203 0.344278 0.324716 -0.468491 -0.365795 -0.374597 -0.663126 -0.059417 -0.075800 -0.006388 0.132527 187.641950 84.087297
0.347076 0.398894 0.452666 0.592474 0.291349 0.391072 0.344143 0.324590 -0.467331 -0.365652 -0.374452 -0.664823 -0.059394 -0.065260 -0.008860 0.129543 187.612961 84.110258
0.347359 0.399218 0.453034 0.592956 0.289629 0.392369 0.345402 0.324854 -0.467711 -0.365950 -0.373778 -0.663406 -0.059320 -0.075098 -0.006391 0.132094 187.421505 84.132764
0.347189 0.399023 0.452813 0.592666 0.289487 0.392177 0.345233 0.324695 -0.468461 -0.365771 -0.374573 -0.663082 -0.059413 -0.075795 -0.006388 0.132030 187.417102 84.145181
0.348137 0.398988 0.452774 0.592615 0.289462 0.392143 0.345203 0.325645 -0.468420 -0.365739 -0.374541 -0.663025 -0.059408 -0.075788 -0.006387 0.132018 187.370305 84.148444
0.346891 0.398681 0.452424 0.592158 0.289239 0.391841 0.344937 0.324417 -0.468059 -0.366434 -0.374252 -0.664468 -0.059851 -0.075241 -0.006382 0.131916 187.346301 84.151262
0.346891 0.398681 0.452424 0.592158 0.289239 0.391840 0.344937 0.325394 -0.468059 -0.366434 -0.374252 -0.664468 -0.059851 -0.075241 -0.006382 0.131916 187.346187 84.156523
0.347836 0.398643 0.452382 0.592102 0.289212 0.391804 0.344904 0.325363 -0.468015 -0.366400 -0.374216 -0.664405 -0.059845 -0.075478 -0.006381 0.131904 187.315180 84.159100
0.346791 0.395635 0.455224 0.591987 0.289155 0.391727 0.344837 0.325300 -0.467924 -0.366328 -0.374143 -0.664276 -0.059834 -0.075464 -0.006380 0.131878 187.183047 84.172661
0.347339 0.396260 0.455943 0.590965 0.288634 0.391368 0.344403 0.324835 -0.468663 -0.365929 -0.374734 -0.663368 -0.059439 -0.075583 -0.006390 0.132087 187.136145 84.211209
0.347117 0.398940 0.459564 0.598410 0.276716 0.397962 0.360806 0.340273 -0.366673 -0.350051 -0.369606 -0.713790 -0.014361 -0.149603 -0.025423 0.130536 186.892656 84.212077
0.349000 0.397880 0.456536 0.598286 0.276659 0.397880 0.362687 0.340202 -0.367575 -0.350956 -0.370507 -0.715597 -0.015244 -0.149572 -0.024806 0.131975 186.853806 84.228232
0.353865 0.398832 0.459438 0.598247 0.276641 0.396876 0.361685 0.339202 -0.366573 -0.348978 -0.369506 -0.713596 -0.014357 -0.149562 -0.029326 0.130500 186.838695 84.252067
0.353776 0.398731 0.459322 0.598096 0.276571 0.396776 0.361594 0.339116 -0.366480 -0.349867 -0.369412 -0.713415 -0.014354 -0.149524 -0.029318 0.130467 186.829844 84.261144
0.353397 0.398429 0.459123 0.597154 0.277040 0.397450 0.353397 0.333819 -0.362208 -0.350461 -0.370039 -0.714626 -0.014378 -0.149778 -0.029368 0.130689 186.742259 84.277527
0.353267 0.398158 0.458662 0.597237 0.276173 0.396206 0.361075 0.338629 -0.365954 -0.349364 -0.372785 -0.712390 -0.014333 -0.149309 -0.029276 0.129792 186.707836 84.296290
0.347414 0.398302 0.451148 0.596964 0.289674 0.393409 0.345456 0.330777 -0.352307 -0.370901 -0.451148 -0.571520 -0.102267 -0.074865 -0.004817 0.107405 186.580125 84.391639
0.346618 0.398513 0.453345 0.597279 0.289827 0.394596 0.345639 0.330951 -0.352493 -0.370117 -0.450407 -0.569863 -0.102076 -0.074905 -0.006670 0.117008 186.575456 84.425429
0.346992 0.397819 0.450601 0.596240 0.289323 0.392932 0.345037 0.330376 -0.352857 -0.370451 -0.450601 -0.570827 -0.102143 -0.112162 0.022787 0.117049 186.503089 84.505370
0.346961 0.397783 0.450560 0.596186 0.289297 0.392896 0.345006 0.330346 -0.352825 -0.370417 -0.450560 -0.570775 -0.102133 -0.112151 0.007330 0.128033 186.378705 84.521577
0.346949 0.397770 0.450545 0.596166 0.289287 0.392883 0.344995 0.330335 -0.352813 -0.370405 -0.450545 -0.570756 -0.102130 -0.112148 0.001840 0.130472 186.365879 84.522584
0.348081 0.397946 0.452701 0.592520 0.289415 0.392080 0.345148 0.330481 -0.352970 -0.370569 -0.450745 -0.571009 -0.102175 -0.112197 0.022794 0.117086 186.317606 84.577444
0.346403 0.397287 0.454042 0.592995 0.285734 0.392394 0.349339 0.334661 -0.356188 -0.370867 -0.452085 -0.571467 -0.103236 -0.074858 -0.029295 0.126721 186.253059 84.631892
0.347843 0.398651 0.452391 0.590160 0.288240 0.389857 0.349797 0.337095 -0.355659 -0.371293 -0.451414 -0.574527 -0.103327 -0.074991 -0.025587 0.128975 186.178534 84.670529
0.347453 0.396390 0.453157 0.589202 0.287750 0.389539 0.350389 0.337666 -0.358219 -0.370943 -0.452178 -0.575500 -0.103502 -0.075118 -0.025508 0.129194 186.098576 84.709473
0.347172 0.398025 0.452790 0.588725 0.287517 0.389224 0.350106 0.337392 -0.357929 -0.371621 -0.451813 -0.575034 -0.103418 -0.075058 -0.025488 0.129089 186.095960 84.728521
0.347078 0.398896 0.452668 0.588567 0.287440 0.389119 0.350011 0.337302 -0.357833 -0.371521 -0.451691 -0.574879 -0.103390 -0.075037 -0.025481 0.129055 186.070134 84.732808
0.346891 0.397704 0.452425 0.588250 0.287285 0.388909 0.349823 0.337120 -0.357640 -0.374252 -0.451447 -0.574569 -0.103335 -0.074997 -0.025467 0.128985 186.039246 84.752111
0.347366 0.398248 0.451087 0.592969 0.281807 0.390420 0.354216 0.331710 -0.355194 -0.371829 -0.452066 -0.575356 -0.103476 -0.075100 -0.029294 0.131119 185.977529 84.766123
0.347387 0.398272 0.451114 0.593004 0.281824 0.390444 0.354237 0.331730 -0.355216 -0.371851 -0.452093 -0.575390 -0.103482 -0.075104 -0.017553 0.132594 185.893529 84.792638
0.347113 0.396003 0.452714 0.592537 0.281602 0.390136 0.353958 0.331469 -0.354936 -0.370580 -0.452714 -0.572982 -0.102667 -0.112690 0.007288 0.130534 185.867455 84.808142
0.347113 0.396003 0.452714 0.592537 0.281602 0.390136 0.353958 0.331469 -0.354936 -0.370580 -0.452714 -0.572982 -0.102667 -0.112690 0.007272 0.130534 185.866786 84.808156
0.347968 0.396839 0.452553 0.592327 0.281502 0.389997 0.353832 0.331351 -0.354810 -0.370449 -0.452553 -0.572778 -0.102631 -0.112650 0.007270 0.130488 185.834025 84.817643
0.349957 0.395901 0.452598 0.592385 0.281529 0.390036 0.353867 0.331384 -0.354844 -0.370485 -0.452598 -0.572834 -0.102641 -0.112661 0.007270 0.130501 185.709141 84.826959
0.347351 0.397252 0.449110 0.589029 0.293536 0.392360 0.340502 0.329739 -0.353221 -0.279838 -0.608598 -0.471614 -0.070693 -0.113256 0.034368 0.097356 185.644237 85.014454
0.346757 0.397549 0.453226 0.591928 0.288150 0.391689 0.342850 0.324291 -0.350664 -0.281312 -0.605603 -0.468854 -0.070817 -0.113306 0.034309 0.096945 185.637200 85.108530
0.346973 0.396820 0.454486 0.590343 0.288330 0.390956 0.344041 0.324493 -0.350883 -0.282465 -0.604026 -0.470124 -0.071105 -0.113621 0.034086 0.101404 185.428643 85.152957
0.346554 0.397461 0.450325 0.591296 0.284879 0.391587 0.344596 0.325017 -0.351449 -0.282922 -0.606960 -0.470883 -0.071709 -0.113560 0.034509 0.101568 185.408192 85.229934
0.346457 0.397349 0.450199 0.591131 0.284800 0.391477 0.344500 0.324926 -0.351351 -0.282842 -0.606790 -0.471730 -0.071689 -0.113773 0.034499 0.101784 185.401436 85.235034
0.347374 0.396299 0.451096 0.591024 0.284749 0.391407 0.344438 0.324868 -0.351288 -0.282791 -0.606681 -0.471645 -0.071676 -0.113753 0.034493 0.101766 185.361938 85.247244
0.347121 0.396012 0.450769 0.590595 0.284542 0.391123 0.344188 0.324632 -0.351033 -0.282586 -0.608196 -0.471303 -0.071624 -0.113670 0.034468 0.101692 185.290960 85.261957
0.346841 0.398623 0.452359 0.590118 0.284312 0.390807 0.343910 0.324369 -0.350749 -0.282358 -0.605750 -0.470922 -0.071566 -0.113578 0.034440 0.101610 185.251138 85.274173
0.346416 0.397302 0.453081 0.587146 0.286723 0.390452 0.341523 0.323909 -0.353266 -0.283787 -0.604760 -0.470695 -0.075595 -0.113515 0.034617 0.105686 185.207266 85.291241
0.347365 0.397268 0.453042 0.587095 0.286698 0.390418 0.341494 0.323881 -0.353236 -0.283763 -0.604708 -0.470655 -0.075589 -0.113505 0.034614 0.105677 185.171885 85.297043
0.347374 0.396300 0.452076 0.587111 0.286706 0.389450 0.341503 0.323890 -0.354224 -0.280835 -0.608639 -0.470668 -0.074857 -0.113508 0.034615 0.105680 185.140280 85.314918
0.347381 0.396308 0.452085 0.587123 0.286712 0.389458 0.341510 0.323896 -0.354231 -0.280840 -0.608651 -0.470677 -0.074858 -0.113510 0.038530 0.105682 185.124530 85.325239
0.348166 0.397066 0.451834 0.586797 0.286553 0.389242 0.341320 0.323717 -0.353056 -0.283619 -0.608313 -0.468460 -0.074817 -0.113447 0.034597 0.105624 185.080590 85.340317
0.346549 0.397311 0.451978 0.587670 0.286025 0.389502 0.341668 0.321168 -0.354359 -0.281144 -0.609146 -0.468574 -0.074679 -0.113483 0.018487 0.117387 185.056662 85.360183
0.346421 0.397307 0.452109 0.587154 0.285748 0.389479 0.341528 0.321956 -0.355228 -0.281834 -0.608683 -0.468745 -0.074617 -0.113761 0.018532 0.117675 185.005531 85.377385
0.346995 0.395868 0.451583 0.586471 0.286393 0.389026 0.341131 0.323536 -0.355792 -0.292258 -0.604065 -0.467222 -0.075508 -0.107031 0.018877 0.116317 184.852299 85.397179
0.346721 0.395555 0.451226 0.586007 0.286167 0.388718 0.340861 0.323281 -0.356488 -0.287144 -0.607494 -0.470759 -0.070565 -0.110609 0.018862 0.116713 184.833507 85.417321
0.346710 0.396660 0.451507 0.585685 0.285987 0.388825 0.341813 0.323204 -0.352587 -0.292843 -0.603315 -0.467177 -0.077373 -0.114101 0.008876 0.125364 184.817079 85.434467
0.346595 0.396388 0.451062 0.585794 0.286063 0.388577 0.340737 0.323163 -0.356358 -0.292897 -0.603368 -0.466683 -0.077374 -0.113986 0.008878 0.125458 184.795466 85.443476
0.346546 0.395493 0.451293 0.585408 0.285852 0.388641 0.340672 0.322072 -0.354378 -0.299557 -0.601071 -0.465977 -0.075134 -0.112579 0.006363 0.129221 184.633492 85.483673
0.346929 0.395655 0.450229 0.584712 0.285535 0.387859 0.340108 0.322566 -0.354726 -0.300152 -0.602254 -0.465821 -0.075282 -0.111826 0.007339 0.128149 184.570042 85.521488
0.346986 0.395857 0.450593 0.584500 0.285408 0.388038 0.340144 0.322550 -0.352851 -0.300070 -0.602094 -0.466232 -0.075262 -0.111915 0.006369 0.129509 184.565316 85.528521
0.346927 0.395789 0.450516 0.584400 0.285359 0.387971 0.340086 0.322495 -0.354745 -0.300018 -0.601991 -0.466152 -0.075249 -0.111896 0.006367 0.129487 184.551256 85.533127
0.346790 0.395634 0.451316 0.584171 0.285247 0.387819 0.340929 0.322369 -0.354605 -0.299900 -0.601755 -0.465969 -0.075219 -0.112585 0.006365 0.129436 184.543875 85.536784
0.346793 0.395637 0.450342 0.584175 0.285249 0.387822 0.339955 0.322371 -0.354608 -0.299903 -0.601759 -0.465973 -0.075220 -0.122354 -0.000473 0.138229 184.489725 85.562153
0.347279 0.398148 0.448039 0.583037 0.284671 0.387387 0.339453 0.321844 -0.355105 -0.301301 -0.600646 -0.468582 -0.075570 -0.114700 -0.000474 0.138422 184.331909 85.595963
0.347043 0.395923 0.451645 0.592417 0.263948 0.400810 0.338245 0.332379 -0.367573 -0.283500 -0.608059 -0.471197 -0.070631 -0.110712 0.018880 0.116822 184.292113 85.656423
0.347991 0.395889 0.451606 0.592367 0.263926 0.400776 0.338216 0.332351 -0.367541 -0.283476 -0.608007 -0.471156 -0.070625 -0.110702 0.018878 0.116812 184.236906 85.661307
0.347662 0.394670 0.452451 0.591516 0.264419 0.400546 0.338848 0.331993 -0.367249 -0.282047 -0.611102 -0.467141 -0.075164 -0.112133 0.018546 0.117275 184.225042 85.673028
0.347287 0.398158 0.451963 0.590878 0.264134 0.400114 0.338483 0.331635 -0.366853 -0.281743 -0.610443 -0.466637 -0.075083 -0.112012 0.018526 0.117148 184.199688 85.683617
0.347332 0.395274 0.455935 0.588998 0.264168 0.400166 0.338527 0.331678 -0.366900 -0.281780 -0.610522 -0.467676 -0.070934 -0.112516 0.018467 0.116430 184.125887 85.719708
0.346426 0.395219 0.450842 0.591364 0.263479 0.400098 0.337644 0.331788 -0.366919 -0.291779 -0.606978 -0.465480 -0.075140 -0.111979 0.000911 0.132227 184.027240 85.749985
0.346821 0.397623 0.452333 0.588131 0.263780 0.399577 0.337052 0.331190 -0.364407 -0.293088 -0.603762 -0.467964 -0.075470 -0.111862 0.010014 0.125540 183.909130 85.776580
0.347026 0.397858 0.451623 0.590434 0.263936 0.399813 0.338228 0.330408 -0.363644 -0.292284 -0.617805 -0.448690 -0.075026 -0.111684 0.009989 0.125125 183.796473 85.783975
0.346475 0.395274 0.450905 0.587543 0.262540 0.398202 0.336715 0.329883 -0.363067 -0.291820 -0.607063 -0.470425 -0.076859 -0.110286 0.007366 0.131758 183.780421 85.853135
0.346890 0.393662 0.454076 0.586596 0.263091 0.398534 0.337146 0.330325 -0.363455 -0.292323 -0.608033 -0.466743 -0.075273 -0.112301 0.000914 0.132033 183.640238 85.858374
0.347071 0.393998 0.453636 0.586598 0.262992 0.398887 0.337294 0.330450 -0.363691 -0.292321 -0.608107 -0.466346 -0.075280 -0.115120 -0.003651 0.138339 183.578313 85.881791
0.347013 0.395888 0.452583 0.598230 0.241931 0.412505 0.331373 0.326485 -0.367540 -0.283475 -0.608005 -0.472133 -0.072335 -0.107525 -0.003192 0.139783 183.572831 85.968825
0.347961 0.395854 0.452544 0.598179 0.241911 0.412470 0.331344 0.324503 -0.367509 -0.283451 -0.607954 -0.472093 -0.072329 -0.107516 -0.003192 0.139771 183.531135 85.977101
0.347520 0.395353 0.451971 0.597422 0.241605 0.411948 0.330925 0.324092 -0.367044 -0.284068 -0.609136 -0.472471 -0.072237 -0.107380 -0.003188 0.139594 183.483809 86.004008
0.346959 0.394849 0.452513 0.596183 0.242383 0.412441 0.330344 0.325457 -0.368461 -0.284409 -0.609866 -0.470105 -0.075256 -0.107753 -0.003184 0.141227 183.435904 86.006955
0.347439 0.395396 0.452161 0.597009 0.242229 0.410076 0.334716 0.325908 -0.371907 -0.283824 -0.608753 -0.471735 -0.072179 -0.107413 -0.003188 0.140444 183.360013 86.007732
0.348747 0.399545 0.451319 0.595898 0.241290 0.411267 0.330186 0.323348 -0.366331 -0.282319 -0.605667 -0.477695 -0.071068 -0.107213 -0.003709 0.142136 183.321734 86.024781
0.347819 0.396670 0.456269 0.594029 0.241813 0.412303 0.330233 0.325348 -0.368337 -0.283336 -0.607707 -0.470924 -0.072055 -0.107228 -0.003198 0.138248 183.297868 86.034571
0.347710 0.396546 0.456126 0.593842 0.241737 0.412174 0.331106 0.322316 -0.368221 -0.283247 -0.607516 -0.471753 -0.072277 -0.107439 -0.003205 0.140647 183.237360 86.043712
0.347196 0.396097 0.451843 0.594634 0.240592 0.410767 0.335460 0.326657 -0.372624 -0.284603 -0.610282 -0.471404 -0.072373 -0.107582 -0.003194 0.140834 183.178026 86.062792
0.348359 0.397286 0.455998 0.592993 0.241698 0.411964 0.329767 0.324874 -0.367930 -0.283776 -0.608650 -0.468719 -0.075103 -0.107150 -0.003196 0.139931 183.163291 86.063319
0.351149 0.396994 0.455519 0.593052 0.241415 0.411625 0.329690 0.324813 -0.367731 -0.281895 -0.610609 -0.468199 -0.075107 -0.107052 -0.003193 0.139972 183.135452 86.077147
0.349054 0.396963 0.455628 0.592512 0.241502 0.411629 0.329499 0.324610 -0.367631 -0.283545 -0.610111 -0.468338 -0.075042 -0.107063 -0.003201 0.140795 183.113684 86.086796
0.347377 0.396304 0.455994 0.592988 0.239250 0.412939 0.330742 0.325850 -0.369883 -0.283773 -0.608644 -0.471650 -0.072166 -0.107883 -0.000481 0.140908 183.038739 86.096967
0.351162 0.398114 0.453870 0.592769 0.240140 0.409852 0.334533 0.325730 -0.371704 -0.283669 -0.608420 -0.471477 -0.072140 -0.107354 -0.003202 0.140367 182.942395 86.100582
0.346758 0.393643 0.457134 0.593884 0.239312 0.413179 0.331129 0.326245 -0.363363 -0.292058 -0.607559 -0.465925 -0.075212 -0.107446 -0.003205 0.140168 182.805935 86.117864
0.347628 0.393523 0.456995 0.589796 0.239727 0.410123 0.333958 0.326146 -0.372040 -0.285133 -0.611279 -0.470665 -0.072260 -0.107413 -0.003189 0.140614 182.785068 86.154431
0.347836 0.393758 0.457267 0.590148 0.239870 0.410368 0.334157 0.325363 -0.368354 -0.285304 -0.611644 -0.470946 -0.070593 -0.106745 -0.000034 0.139721 182.706679 86.163762
0.348172 0.394269 0.457038 0.590422 0.235875 0.414865 0.326596 0.324634 -0.368769 -0.284423 -0.611999 -0.469788 -0.075274 -0.107394 -0.003210 0.141231 182.623492 86.169292
0.347199 0.394144 0.453803 0.590727 0.238149 0.410770 0.329594 0.324704 -0.366759 -0.286561 -0.614199 -0.470430 -0.071885 -0.110028 -0.003194 0.140347 182.566722 86.175874
0.348369 0.394491 0.457295 0.588792 0.236498 0.412154 0.330705 0.325798 -0.368976 -0.284583 -0.612344 -0.470052 -0.075316 -0.107455 -0.003212 0.141310 182.407834 86.210418
0.347417 0.394392 0.452131 0.591098 0.246617 0.409071 0.328823 0.322951 -0.356225 -0.302400 -0.653731 -0.425708 -0.014435 -0.115724 -0.000464 0.129180 182.312577 86.237352
0.347334 0.394298 0.452024 0.590958 0.246558 0.408974 0.328745 0.322874 -0.356140 -0.302328 -0.665316 -0.409952 -0.014431 -0.115697 -0.000464 0.129150 182.250487 86.265750
0.347092 0.394022 0.451708 0.590545 0.246386 0.408688 0.328515 0.322649 -0.355891 -0.307005 -0.662896 -0.409666 -0.014421 -0.115616 -0.000464 0.130526 182.166700 86.286356
0.347227 0.394176 0.451884 0.590775 0.242570 0.408848 0.328643 0.322774 -0.366789 -0.306147 -0.661199 -0.409826 -0.014458 -0.115905 -0.000465 0.130088 182.087568 86.347451
0.346864 0.392787 0.454343 0.590157 0.241339 0.410374 0.328299 0.323414 -0.366406 -0.307781 -0.660507 -0.408420 -0.014381 -0.115296 -0.000463 0.129952 182.007790 86.361554
0.347526 0.392557 0.455210 0.587368 0.242289 0.408221 0.329905 0.325989 -0.367105 -0.306410 -0.661768 -0.409200 -0.014439 -0.115760 -0.000465 0.130200 181.869116 86.405207
0.347272 0.392270 0.455855 0.588895 0.235264 0.413791 0.325751 0.323794 -0.368793 -0.305208 -0.663240 -0.408900 -0.014368 -0.110051 -0.000462 0.129616 181.738400 86.453046
0.347272 0.392271 0.455855 0.588895 0.235264 0.413792 0.325751 0.323794 -0.368793 -0.305208 -0.663240 -0.408900 -0.014368 -0.110051 -0.000462 0.130594 181.725009 86.455887
0.347073 0.392046 0.455595 0.588558 0.235130 0.413555 0.325565 0.323609 -0.368582 -0.306989 -0.662861 -0.408667 -0.014360 -0.109988 -0.000462 0.130519 181.692064 86.468245
0.347692 0.395548 0.456101 0.587951 0.234887 0.413128 0.325229 0.323275 -0.368202 -0.304719 -0.662177 -0.408245 -0.014375 -0.109874 -0.000293 0.133803 181.586294 86.475128
0.347885 0.397863 0.449801 0.587975 0.235680 0.409622 0.331226 0.328286 -0.369444 -0.305747 -0.664411 -0.409622 -0.014393 -0.110245 -0.000463 0.130824 181.548297 86.485606
0.348133 0.393116 0.456680 0.584785 0.235674 0.410718 0.328575 0.324663 -0.369647 -0.306083 -0.663017 -0.409740 -0.014393 -0.110014 -0.000293 0.132017 181.468583 86.538908
0.347848 0.392922 0.456612 0.583993 0.235655 0.410559 0.328251 0.325312 -0.369405 -0.305715 -0.664341 -0.409579 -0.014392 -0.110234 -0.000463 0.130811 181.429298 86.548966
0.347312 0.392316 0.456886 0.583093 0.235781 0.410904 0.328723 0.324810 -0.375684 -0.305243 -0.663317 -0.409926 -0.014431 -0.115445 -0.000481 0.139414 181.129426 86.586675
0.347395 0.393388 0.452103 0.587147 0.235837 0.411003 0.328802 0.324888 -0.375774 -0.274002 -0.745676 -0.266173 -0.182505 -0.041957 -0.000481 0.139447 181.010710 86.614686
0.347274 0.396186 0.455858 0.586942 0.234777 0.412816 0.324775 0.322818 -0.367817 -0.272928 -0.743460 -0.265102 -0.184398 -0.039252 -0.000292 0.133529 181.005535 86.620438
0.346577 0.392592 0.451334 0.585461 0.235457 0.410214 0.327976 0.325038 -0.374969 -0.276087 -0.747980 -0.265318 -0.182100 -0.041854 -0.000481 0.139512 180.942777 86.674816
0.347388 0.392401 0.456007 0.583220 0.235343 0.410994 0.327817 0.324881 -0.375766 -0.273996 -0.745660 -0.266167 -0.182012 -0.041833 -0.000483 0.136998 180.883814 86.683359
0.347262 0.392260 0.455843 0.583010 0.235747 0.409868 0.327698 0.324764 -0.375630 -0.273897 -0.745392 -0.266072 -0.184881 -0.041941 -0.000480 0.139394 180.870774 86.694801
0.347282 0.392281 0.455868 0.583042 0.235271 0.409890 0.327716 0.324782 -0.375651 -0.273912 -0.745433 -0.266086 -0.184891 -0.041943 -0.000480 0.139402 180.860454 86.704024
0.348226 0.392244 0.455825 0.582986 0.235248 0.409851 0.327685 0.324751 -0.375615 -0.273886 -0.745361 -0.266061 -0.184873 -0.041939 -0.000480 0.139388 180.814725 86.707931
0.346939 0.391894 0.455418 0.582466 0.235039 0.409485 0.327393 0.324461 -0.375280 -0.273642 -0.746651 -0.266801 -0.184708 -0.041901 -0.000479 0.139264 180.804563 86.717770
0.346870 0.391816 0.455328 0.582351 0.234992 0.409404 0.327328 0.324397 -0.375206 -0.274565 -0.744549 -0.269679 -0.183694 -0.040305 -0.006351 0.148519 180.653649 86.726180
0.346678 0.391599 0.454099 0.582028 0.234374 0.409177 0.328123 0.324217 -0.374998 -0.278319 -0.746089 -0.265623 -0.184569 -0.041870 -0.000475 0.142089 180.600834 86.758074
0.346430 0.391447 0.454078 0.581298 0.234379 0.409062 0.327837 0.324901 -0.381661 -0.277927 -0.745706 -0.265205 -0.184469 -0.041836 -0.000475 0.141899 180.507132 86.765499
0.347408 0.392424 0.452119 0.581296 0.234867 0.409060 0.328814 0.324900 -0.381659 -0.277926 -0.745703 -0.265204 -0.183490 -0.055903 -0.000478 0.148260 180.387332 86.792678
0.347427 0.392446 0.452144 0.581328 0.234391 0.409083 0.328832 0.324918 -0.381680 -0.277942 -0.745745 -0.265219 -0.183500 -0.055906 -0.000411 0.147779 180.366348 86.798218
0.347431 0.395251 0.450879 0.579702 0.234711 0.407938 0.326936 0.324008 -0.380612 -0.277164 -0.747561 -0.264477 -0.182987 -0.055750 -0.000478 0.147853 180.318496 86.820029
0.349102 0.392249 0.452067 0.580529 0.234859 0.406959 0.328509 0.322625 -0.377540 -0.276536 -0.749196 -0.265749 -0.182886 -0.042044 -0.000481 0.147584 180.283872 86.824927
0.346948 0.392882 0.456408 0.574664 0.234557 0.407542 0.327402 0.324470 -0.381154 -0.277559 -0.746672 -0.266808 -0.182759 -0.042147 -0.000478 0.148064 180.094974 86.881966
0.348358 0.391413 0.451104 0.579291 0.234359 0.406091 0.326830 0.321937 -0.376735 -0.274968 -0.747599 -0.267139 -0.183964 -0.111063 0.060424 0.147758 179.989319 86.925514
0.348178 0.392189 0.455761 0.575080 0.234727 0.406860 0.328617 0.323727 -0.389255 -0.275804 -0.743301 -0.265046 -0.181424 -0.113207 0.059048 0.146704 179.582885 86.962373
0.347671 0.391618 0.455097 0.574242 0.234385 0.406267 0.328139 0.323256 -0.388688 -0.275402 -0.746124 -0.264659 -0.181160 -0.113042 0.058962 0.146490 179.576776 86.991480
0.348558 0.391517 0.454004 0.572142 0.233348 0.405186 0.327078 0.321220 -0.375895 -0.278260 -0.740075 -0.279237 -0.180137 -0.112769 0.058703 0.145965 179.171679 86.997571
0.348358 0.392392 0.467739 0.557764 0.234848 0.407070 0.328787 0.323895 -0.389456 -0.275946 -0.747600 -0.265183 -0.182497 -0.041955 -0.000479 0.147269 178.610013 87.086336
0.348404 0.386572 0.470736 0.559795 0.233900 0.407123 0.330788 0.326873 -0.407123 -0.274025 -0.743783 -0.266196 -0.183988 -0.040370 -0.000231 0.148267 178.422095 87.115489
0.347332 0.392338 0.467675 0.557687 0.230413 0.407992 0.329720 0.325807 -0.404079 -0.274930 -0.745540 -0.266124 -0.182471 -0.042071 -0.003210 0.147738 178.398828 87.151786
0.347270 0.392268 0.467592 0.557588 0.230372 0.407920 0.329662 0.325749 -0.405963 -0.274881 -0.745408 -0.266077 -0.182439 -0.041941 -0.000479 0.147223 178.311080 87.159460
0.347332 0.392338 0.467675 0.557688 0.233348 0.406036 0.329721 0.325807 -0.406036 -0.273952 -0.743584 -0.265146 -0.173666 -0.113494 0.059071 0.148228 178.221855 87.227676
0.347230 0.386354 0.471450 0.547742 0.235236 0.403960 0.334514 0.325711 -0.407872 -0.276805 -0.749233 -0.266046 -0.184863 -0.042059 -0.000480 0.148184 177.865742 87.238955
0.348094 0.387206 0.474229 0.549519 0.233203 0.406761 0.330494 0.326582 -0.406761 -0.274759 -0.745077 -0.265959 -0.174047 -0.113913 0.059279 0.148624 177.853471 87.324685
0.347350 0.386378 0.473215 0.548344 0.232705 0.405892 0.333690 0.324909 -0.406868 -0.276124 -0.747387 -0.265391 -0.173675 -0.113669 0.059152 0.147819 177.677728 87.351402
0.348094 0.386228 0.472274 0.547564 0.232226 0.403828 0.339294 0.325605 -0.407740 -0.268893 -0.748989 -0.268893 -0.184314 -0.111224 0.060134 0.155958 177.579500 87.361525
0.349341 0.386526 0.473616 0.547986 0.230937 0.406097 0.333684 0.325856 -0.406097 -0.275950 -0.747609 -0.265186 -0.173692 -0.113511 0.059080 0.148250 177.577148 87.392810
0.349305 0.386486 0.473568 0.547930 0.230913 0.406055 0.333650 0.324844 -0.407034 -0.275922 -0.747533 -0.265159 -0.173674 -0.113744 0.059196 0.147745 177.526056 87.393256
0.351838 0.382136 0.497460 0.531667 0.240912 0.402660 0.340110 0.322519 -0.347929 -0.306881 -0.727133 -0.261924 -0.185204 -0.081363 0.007696 0.153441 177.055111 87.452750
0.347321 0.380586 0.495055 0.528319 0.239700 0.402110 0.338516 0.330689 -0.352213 -0.308186 -0.735733 -0.259268 -0.180020 -0.085118 0.007536 0.137461 176.592035 87.467345
0.347712 0.381994 0.497571 0.523038 0.239481 0.402563 0.338897 0.332041 -0.360445 -0.312451 -0.726768 -0.262498 -0.183651 -0.084235 0.003788 0.153777 176.299732 87.551165
0.353359 0.381667 0.496851 0.523206 0.239152 0.402166 0.338717 0.331884 -0.360192 -0.312362 -0.726241 -0.262579 -0.183513 -0.084191 0.003783 0.153741 176.295272 87.561231
0.353362 0.381749 0.497252 0.522702 0.239327 0.402304 0.338680 0.331828 -0.360214 -0.312251 -0.726301 -0.262330 -0.183533 -0.084180 0.003785 0.153678 176.268843 87.563156
0.352822 0.381166 0.496493 0.521904 0.238961 0.401690 0.338162 0.331321 -0.360641 -0.312751 -0.727147 -0.263884 -0.182764 -0.084541 0.022601 0.147579 176.193947 87.570972
0.352747 0.381084 0.496387 0.521792 0.238910 0.401604 0.338090 0.331250 -0.362519 -0.312684 -0.726991 -0.263828 -0.182725 -0.084523 0.022596 0.147548 176.135058 87.571395
0.351583 0.381858 0.497100 0.519562 0.239272 0.402367 0.337911 0.331074 -0.360373 -0.314472 -0.726605 -0.263687 -0.182628 -0.084478 0.022523 0.146981 176.009036 87.582400
0.351566 0.381840 0.497076 0.519537 0.239260 0.402348 0.337894 0.331058 -0.360355 -0.314456 -0.726570 -0.263675 -0.182619 -0.083985 0.003777 0.153322 175.980767 87.589233
0.351432 0.381694 0.496886 0.519338 0.239169 0.402194 0.337765 0.330932 -0.360218 -0.314336 -0.726293 -0.263574 -0.181085 -0.112995 0.058938 0.146430 175.848205 87.614402
0.350060 0.378417 0.493800 0.518245 0.237610 0.398951 0.335393 0.328548 -0.357882 -0.309969 -0.741188 -0.261078 -0.181386 -0.083359 -0.000474 0.138362 175.697147 87.628150
0.346983 0.391944 0.467205 0.508256 0.222851 0.393899 0.305931 0.301044 -0.348937 -0.322547 -0.670507 -0.428108 -0.062555 -0.218941 0.049237 0.063043 175.605634 87.869150
0.346975 0.342101 0.499020 0.510715 0.232941 0.394732 0.307014 0.302141 -0.349898 -0.323583 -0.672507 -0.426896 -0.062865 -0.219783 0.049342 0.063352 174.918198 87.875545
0.347082 0.342193 0.498624 0.510357 0.233180 0.394989 0.306996 0.302108 -0.350015 -0.323617 -0.672654 -0.427253 -0.062817 -0.219981 0.049374 0.063306 174.857937 87.875860
0.346992 0.342105 0.498495 0.510225 0.233120 0.394886 0.306917 0.302029 -0.349924 -0.323533 -0.672480 -0.428119 -0.062801 -0.219924 0.049361 0.063289 174.850656 87.880890
0.347126 0.342237 0.498688 0.510422 0.232721 0.395040 0.307036 0.302147 -0.350060 -0.339304 -0.668829 -0.414596 -0.063069 -0.225388 0.050602 0.062825 174.608773 87.931453
0.348788 0.341968 0.498825 0.510517 0.232850 0.394579 0.306894 0.302023 -0.349762 -0.339045 -0.668348 -0.415038 -0.063084 -0.225543 0.050540 0.063327 174.570357 87.934024
0.347211 0.342321 0.497832 0.506635 0.233267 0.395136 0.307111 0.304176 -0.357970 -0.323738 -0.672905 -0.428390 -0.062840 -0.220063 0.049392 0.063085 174.476547 87.943510
0.347666 0.342769 0.497505 0.507299 0.233083 0.394675 0.306534 0.303596 -0.357460 -0.324162 -0.671828 -0.427972 -0.066595 -0.213986 0.049824 0.067330 174.408990 87.945145
0.346926 0.342039 0.495469 0.510127 0.233075 0.394811 0.305881 0.301972 -0.351812 -0.360607 -0.646943 -0.426083 -0.066698 -0.213042 0.049840 0.064010 174.265408 87.953152
0.347188 0.342298 0.496820 0.506600 0.232762 0.394131 0.306112 0.303178 -0.353055 -0.359901 -0.649387 -0.425427 -0.062592 -0.219559 0.049266 0.062836 174.145790 88.025286
0.346864 0.341979 0.497335 0.506129 0.233034 0.393764 0.305827 0.302896 -0.352727 -0.360543 -0.650737 -0.423077 -0.062533 -0.219844 0.049221 0.062778 174.098859 88.035524
0.346872 0.341986 0.497346 0.506140 0.233039 0.393773 0.305834 0.302902 -0.352735 -0.360551 -0.650751 -0.423086 -0.062535 -0.219848 0.054596 0.062779 174.021756 88.045595
0.349106 0.338349 0.497744 0.506545 0.233226 0.395066 0.307057 0.304123 -0.353995 -0.360840 -0.651273 -0.423425 -0.062585 -0.220025 0.049383 0.063074 173.837441 88.049961
0.346899 0.342013 0.494453 0.506179 0.233057 0.389895 0.318560 0.310743 -0.367419 -0.360579 -0.646893 -0.426050 -0.066937 -0.213025 0.049348 0.063517 173.786701 88.065126
0.347150 0.338349 0.497745 0.506546 0.232248 0.394089 0.302167 0.304123 -0.353995 -0.360840 -0.651273 -0.423425 -0.062585 -0.233715 0.059651 0.071875 173.778468 88.117758
0.350579 0.337884 0.497060 0.505849 0.231929 0.393547 0.301752 0.303705 -0.353509 -0.360344 -0.650378 -0.422843 -0.071288 -0.233394 0.058593 0.079100 173.544788 88.161161
0.351120 0.344236 0.507502 0.473078 0.256702 0.371775 0.310796 0.304895 -0.359972 -0.325549 -0.674702 -0.430786 -0.066880 -0.215393 0.050160 0.067618 173.252821 88.243750
0.346834 0.344880 0.502177 0.476775 0.260858 0.364420 0.322409 0.303846 -0.377121 -0.327294 -0.685853 -0.412293 -0.059108 -0.220802 -0.000470 0.103073 172.838590 88.279528
0.347676 0.343780 0.500575 0.475254 0.260026 0.363258 0.321381 0.302877 -0.375918 -0.326250 -0.683665 -0.421691 -0.059894 -0.222045 -0.000182 0.102744 172.698910 88.357314
0.350665 0.342807 0.508808 0.472464 0.257351 0.371292 0.310392 0.307446 -0.370310 -0.326108 -0.681684 -0.431210 -0.031555 -0.221007 0.049604 0.070477 172.628395 88.363852
0.349296 0.341469 0.506822 0.470621 0.256346 0.369843 0.309181 0.306246 -0.368865 -0.324836 -0.679025 -0.429527 -0.061885 -0.230907 0.007430 0.101511 172.599913 88.373159
0.348257 0.341409 0.506734 0.473473 0.257280 0.370757 0.311084 0.304236 -0.375648 -0.323801 -0.684775 -0.429452 -0.036073 -0.218639 0.000102 0.101983 172.483226 88.384572
0.348698 0.340862 0.505416 0.470154 0.255646 0.369267 0.309518 0.305600 -0.376123 -0.323231 -0.683683 -0.427057 -0.061585 -0.218916 0.000102 0.102112 172.384024 88.441129
0.348929 0.341110 0.506289 0.470125 0.256077 0.369454 0.308856 0.305924 -0.379228 -0.324494 -0.678310 -0.429075 -0.061820 -0.230664 0.007422 0.109224 172.367579 88.454055
0.347562 0.340709 0.505189 0.470923 0.256511 0.370080 0.310358 0.305463 -0.378892 -0.323086 -0.683376 -0.427844 -0.057764 -0.220776 0.007542 0.113080 172.203971 88.455801
0.349051 0.341207 0.503967 0.470631 0.254925 0.369641 0.307871 0.303949 -0.377485 -0.326500 -0.684376 -0.416704 -0.076968 -0.220608 0.007476 0.111530 172.188437 88.503036
0.348517 0.340707 0.503738 0.469570 0.254798 0.369018 0.307515 0.303610 -0.376827 -0.326063 -0.683366 -0.427592 -0.061869 -0.220141 0.007459 0.109827 172.093493 88.550706
0.349119 0.341295 0.539814 0.438110 0.261106 0.372589 0.303156 0.302178 -0.380412 -0.330538 -0.674767 -0.427353 -0.012621 -0.253282 -0.003194 0.105127 172.036645 88.586723
0.347176 0.340330 0.537878 0.435192 0.260137 0.370647 0.301211 0.300233 -0.378470 -0.328594 -0.670880 -0.424434 -0.066990 -0.220041 0.007457 0.111732 171.962225 88.651627
0.346891 0.339074 0.539392 0.433858 0.259924 0.369366 0.307805 0.294125 -0.377183 -0.329302 -0.672285 -0.427018 -0.057530 -0.219861 0.007527 0.110175 171.776962 88.708803
0.346891 0.339074 0.539392 0.433859 0.259924 0.369366 0.307805 0.294125 -0.377183 -0.329303 -0.672285 -0.427018 -0.057530 -0.219861 0.007527 0.111640 171.743329 88.709174
0.347308 0.339481 0.536126 0.435358 0.260236 0.369810 0.308175 0.293500 -0.377636 -0.329698 -0.673093 -0.427531 -0.057599 -0.220125 0.007521 0.111774 171.657020 88.711224
0.347398 0.339569 0.536265 0.434492 0.260304 0.369905 0.308254 0.294554 -0.377734 -0.329783 -0.673267 -0.427642 -0.057614 -0.220182 0.007523 0.111803 171.617485 88.718764
0.347398 0.339569 0.536265 0.434492 0.260304 0.369905 0.308254 0.294554 -0.377734 -0.329783 -0.673267 -0.427642 -0.057614 -0.220182 0.007538 0.111803 171.616305 88.718794
0.347644 0.322182 0.542520 0.437737 0.261467 0.373105 0.302597 0.301617 -0.380939 -0.330017 -0.673743 -0.426965 -0.066591 -0.234047 0.039171 0.106496 171.330670 88.770862
0.346468 0.320483 0.544725 0.434048 0.262738 0.366679 0.313746 0.298348 -0.386889 -0.313746 -0.673688 -0.447521 -0.062316 -0.228573 0.000470 0.125595 171.267157 88.774754
0.354521 0.322113 0.542093 0.437013 0.261226 0.372198 0.302472 0.301490 -0.380054 -0.329970 -0.673688 -0.426211 -0.067271 -0.233729 0.038423 0.106307 171.171115 88.811848
0.351088 0.326571 0.541343 0.434447 0.262826 0.366780 0.319706 0.303034 -0.395220 -0.328533 -0.680602 -0.432486 -0.012657 -0.254000 -0.000154 0.105670 170.896366 88.835537
0.350223 0.319897 0.540009 0.439246 0.262178 0.365876 0.314027 0.297396 -0.387398 -0.331636 -0.675011 -0.425550 -0.060653 -0.249950 0.028676 0.116415 170.873405 88.871164
0.350709 0.322300 0.540758 0.433978 0.262542 0.366383 0.319361 0.302707 -0.394793 -0.328178 -0.677907 -0.426141 -0.060737 -0.222377 -0.000115 0.116577 170.772999 88.879966
0.352822 0.319592 0.539495 0.437851 0.261929 0.365527 0.313728 0.297113 -0.387029 -0.331320 -0.676323 -0.431987 -0.049112 -0.234563 0.000462 0.127544 170.656042 88.912696
0.349920 0.321574 0.539541 0.433001 0.261951 0.365559 0.318642 0.302026 -0.393904 -0.327439 -0.678336 -0.431046 -0.060356 -0.221877 -0.000115 0.125600 170.570583 88.919472
0.347051 0.327554 0.540074 0.431864 0.261263 0.364599 0.310981 0.295383 -0.387995 -0.328529 -0.698002 -0.399694 -0.060198 -0.222269 -0.000457 0.125270 170.444359 88.986693
0.349128 0.326635 0.539828 0.431276 0.262090 0.363797 0.310988 0.295341 -0.387268 -0.332503 -0.696300 -0.399003 -0.060144 -0.221506 0.000000 0.126644 170.214921 89.010350
0.352846 0.319522 0.541031 0.440078 0.232780 0.395972 0.302860 0.302860 -0.395972 -0.332263 -0.676288 -0.426356 -0.060768 -0.250423 0.028730 0.116635 170.012309 89.057304
0.348954 0.318653 0.541514 0.433016 0.261960 0.364594 0.311811 0.296171 -0.389030 -0.329405 -0.699863 -0.400760 -0.061580 -0.222373 0.000000 0.126581 169.897109 89.058671
0.351085 0.316857 0.541786 0.433233 0.262092 0.365755 0.311967 0.296320 -0.389226 -0.329570 -0.700215 -0.400961 -0.060389 -0.221995 -0.000115 0.125667 169.766764 89.063458
0.349407 0.322982 0.534388 0.430642 0.259364 0.363110 0.315152 0.299492 -0.391493 -0.323960 -0.720347 -0.387578 -0.057623 -0.220215 0.007463 0.129682 169.462744 89.165914
0.351623 0.319301 0.536739 0.441733 0.232130 0.394719 0.302651 0.302651 -0.393740 -0.318322 -0.720876 -0.387863 -0.059991 -0.228702 0.026017 0.106026 169.295142 89.187721
0.350727 0.318488 0.537326 0.440607 0.232027 0.393713 0.298949 0.298949 -0.390782 -0.324349 -0.719040 -0.386875 -0.061060 -0.219815 0.007465 0.129447 169.190254 89.223389
0.347886 0.313684 0.537465 0.440721 0.232087 0.393815 0.299026 0.299026 -0.390884 -0.324433 -0.723135 -0.386975 -0.061076 -0.219872 0.007466 0.129480 168.672401 89.283975
0.347263 0.322808 0.534100 0.407912 0.271941 0.350198 0.329655 0.311069 -0.349219 -0.398130 -0.661267 -0.424541 -0.059915 -0.194663 0.008590 0.121053 168.464028 89.341167
0.347733 0.321360 0.539182 0.407317 0.271544 0.349687 0.329174 0.310616 -0.356524 -0.397549 -0.660302 -0.413177 -0.072770 -0.194379 0.008577 0.121853 168.193109 89.371441
0.347136 0.322690 0.533906 0.407763 0.271842 0.350070 0.329535 0.310956 -0.356915 -0.397985 -0.661026 -0.422431 -0.059893 -0.194592 0.008587 0.121009 168.121008 89.375218
0.347214 0.314938 0.539894 0.407855 0.271903 0.350148 0.329609 0.311026 -0.356995 -0.398074 -0.661174 -0.422526 -0.059907 -0.194636 0.008589 0.122014 167.907250 89.411260
0.347994 0.318586 0.533263 0.407790 0.271533 0.347994 0.331329 0.316625 -0.359757 -0.370540 -0.688145 -0.415632 -0.060286 -0.248497 0.049381 0.123023 167.822032 89.413628
0.346869 0.317638 0.531995 0.406304 0.270869 0.346869 0.330305 0.315690 -0.358561 -0.369279 -0.685943 -0.424817 -0.066987 -0.232870 0.049205 0.122037 167.815259 89.422367
0.347389 0.318033 0.532338 0.407082 0.271062 0.347389 0.330754 0.316075 -0.359132 -0.370875 -0.690865 -0.414910 -0.060059 -0.247576 0.049295 0.122565 167.748100 89.459396
0.347288 0.317939 0.532181 0.406962 0.270982 0.347288 0.330657 0.315983 -0.359027 -0.370766 -0.690662 -0.415767 -0.060286 -0.247993 0.045490 0.124975 167.698773 89.462964
0.346678 0.328124 0.525388 0.411131 0.259764 0.354491 0.320311 0.311522 -0.359373 -0.401365 -0.664060 -0.415037 -0.060547 -0.249022 0.049560 0.131835 167.620104 89.534808
0.347294 0.328706 0.526322 0.406970 0.260226 0.355120 0.320880 0.311097 -0.357077 -0.402078 -0.665239 -0.415775 -0.058698 -0.247997 0.049404 0.124732 167.521549 89.565403
0.348226 0.327684 0.526251 0.406915 0.260191 0.355073 0.320837 0.309099 -0.358007 -0.397134 -0.674932 -0.411806 -0.049886 -0.246008 0.049397 0.123004 167.330125 89.608862
0.348127 0.327591 0.526102 0.402888 0.264029 0.350083 0.320746 0.309011 -0.357906 -0.397021 -0.674740 -0.411689 -0.059651 -0.245938 0.049016 0.127614 167.130809 89.615872
0.347511 0.327933 0.526651 0.403309 0.260389 0.352406 0.318144 0.306397 -0.358279 -0.395478 -0.675444 -0.412119 -0.059836 -0.246684 0.049068 0.127747 167.081612 89.627849
0.348251 0.327708 0.526290 0.403032 0.260210 0.352164 0.317926 0.309122 -0.358033 -0.397163 -0.674981 -0.411836 -0.059672 -0.246026 0.049034 0.127659 167.067474 89.645761
0.348019 0.327490 0.533760 0.388100 0.263947 0.349974 0.320647 0.311849 -0.361705 -0.401786 -0.668666 -0.416450 -0.059633 -0.249772 0.049124 0.131974 166.733098 89.719768
0.350076 0.325630 0.533915 0.388213 0.264024 0.350076 0.320740 0.311940 -0.361811 -0.401903 -0.668861 -0.416571 -0.060628 -0.249845 0.049505 0.130056 166.441435 89.733723
0.347383 0.322919 0.534285 0.388482 0.264207 0.350318 0.320962 0.312155 -0.362061 -0.403160 -0.669323 -0.417838 -0.060670 -0.249528 0.049661 0.132103 166.407139 89.741856
0.346610 0.321153 0.569850 0.334861 0.270238 0.351506 0.292758 0.287863 -0.423961 -0.282967 -0.806799 -0.294716 -0.164493 -0.231563 0.029374 -0.001828 166.197083 89.780155
0.347405 0.320983 0.569549 0.334684 0.269117 0.352298 0.292603 0.288689 -0.423737 -0.282817 -0.806372 -0.296518 -0.164406 -0.231441 0.027401 -0.001831 166.128891 89.792823
0.347260 0.320849 0.569311 0.334544 0.269983 0.351173 0.292481 0.288568 -0.425516 -0.283677 -0.806035 -0.295416 -0.165315 -0.230366 0.027756 0.000986 166.059012 89.808027
0.347235 0.319847 0.567313 0.333541 0.268985 0.350169 0.292460 0.284635 -0.424507 -0.284635 -0.807932 -0.297350 -0.165303 -0.230349 0.009017 0.016689 165.550452 89.891332
0.346677 0.323174 0.564085 0.332967 0.268332 0.349615 0.291836 0.286939 -0.423064 -0.294774 -0.803038 -0.294774 -0.165014 -0.230139 0.008997 0.015914 165.328577 89.931886
0.346636 0.319218 0.564017 0.336844 0.266342 0.354469 0.300613 0.297676 -0.432805 -0.351532 -0.697188 -0.422034 -0.062179 -0.218850 -0.000041 0.098164 165.070491 89.950944
0.347692 0.321469 0.559414 0.337008 0.268053 0.352548 0.298160 0.288448 -0.430244 -0.351576 -0.705095 -0.410820 -0.070655 -0.219492 -0.000456 0.079153 164.794430 89.960278
0.347261 0.318893 0.590833 0.273896 0.303242 0.324763 0.295417 0.288569 -0.439212 -0.296395 -0.757127 -0.386389 -0.114694 -0.233301 -0.009904 0.039373 164.793732 90.035722
0.347281 0.316955 0.590866 0.273911 0.303259 0.324781 0.295433 0.288585 -0.438258 -0.295433 -0.759126 -0.387389 -0.114700 -0.232825 -0.007948 0.039986 164.656786 90.070172
0.348606 0.322167 0.558162 0.330980 0.270268 0.345669 0.299645 0.290832 -0.433800 -0.354482 -0.703088 -0.419111 -0.059733 -0.223265 -0.000152 0.080052 164.502053 90.073444
0.347481 0.319095 0.593164 0.274069 0.303434 0.327904 0.296582 0.288752 -0.441447 -0.293646 -0.804589 -0.293646 -0.165910 -0.228065 -0.008901 0.034870 164.481337 90.111629
0.346617 0.317325 0.591689 0.273388 0.302679 0.325136 0.294868 0.288033 -0.445231 -0.292915 -0.800635 -0.305608 -0.164521 -0.225545 -0.009794 0.042473 164.268286 90.183879
0.346838 0.316551 0.590113 0.273562 0.302873 0.324367 0.295057 0.289195 -0.449424 -0.293103 -0.801147 -0.305804 -0.163160 -0.232528 -0.000038 0.042500 163.960611 90.241651
0.346749 0.315492 0.588008 0.276422 0.301818 0.323307 0.294004 0.289120 -0.449308 -0.293027 -0.800941 -0.311585 -0.155304 -0.232468 -0.000038 0.042489 163.819879 90.287702
0.346813 0.327274 0.554901 0.314574 0.268658 0.342906 0.288197 0.278428 -0.435715 -0.355606 -0.711211 -0.417153 -0.071072 -0.222254 -0.000034 0.064722 163.578469 90.300842
0.347682 0.327115 0.554333 0.315363 0.269331 0.340827 0.286960 0.279125 -0.435827 -0.355517 -0.711035 -0.417219 -0.071250 -0.222321 -0.000034 0.064884 163.527755 90.306214
0.348130 0.326617 0.553488 0.314882 0.268921 0.341285 0.286523 0.278700 -0.436141 -0.355953 -0.711907 -0.417561 -0.071142 -0.222471 -0.000034 0.064785 163.349027 90.335087
0.347901 0.313697 0.586350 0.275585 0.300993 0.322493 0.296107 0.290243 -0.450513 -0.295130 -0.805254 -0.303925 -0.168576 -0.217438 0.028157 0.034815 163.172630 90.428922
0.347054 0.317725 0.557241 0.315770 0.267867 0.344121 0.289374 0.275688 -0.436994 -0.356830 -0.713660 -0.418420 -0.071366 -0.222896 -0.000034 0.065256 163.035580 90.428976
0.347204 0.312972 0.584867 0.274829 0.300258 0.322753 0.296346 0.289499 -0.451854 -0.294389 -0.805903 -0.308082 -0.164310 -0.231306 0.028180 0.034843 163.014114 90.478065
0.346851 0.312751 0.584581 0.274753 0.300085 0.321519 0.295213 0.289368 -0.450127 -0.294239 -0.810619 -0.303008 -0.168067 -0.216782 0.025880 0.036780 162.941488 90.511799
0.348278 0.312080 0.583072 0.273926 0.299362 0.320885 0.295449 0.287623 -0.447087 -0.309145 -0.802213 -0.302297 -0.167780 -0.216695 0.029166 0.039377 162.672575 90.596543
0.347219 0.311030 0.582937 0.273863 0.299293 0.320811 0.294403 0.288534 -0.450896 -0.300271 -0.813765 -0.296359 -0.167741 -0.217134 0.025980 0.038757 162.554256 90.632848
0.346941 0.318519 0.552753 0.300878 0.255795 0.359682 0.296958 0.288137 -0.408685 -0.396924 -0.684081 -0.451807 -0.061621 -0.236684 -0.000358 0.052311 160.966831 90.650966
0.347056 0.313816 0.557244 0.302085 0.257114 0.360742 0.298174 0.295242 -0.415489 -0.371496 -0.723440 -0.415489 -0.071366 -0.230719 -0.000174 0.047781 160.896931 90.663979
0.346388 0.314098 0.555787 0.302356 0.257345 0.361066 0.298442 0.295506 -0.415862 -0.371829 -0.724088 -0.415862 -0.071430 -0.228479 0.000000 0.047824 160.803976 90.665266
0.346923 0.313697 0.557031 0.301970 0.257016 0.360605 0.298061 0.295129 -0.415330 -0.371354 -0.723164 -0.415330 -0.071339 -0.246267 -0.000174 0.047763 160.790983 90.677434
0.348595 0.318240 0.552268 0.301593 0.263405 0.348595 0.304531 0.288864 -0.417139 -0.369158 -0.724607 -0.416160 -0.071482 -0.231091 -0.000174 0.047858 160.703252 90.678218
0.347978 0.317676 0.551290 0.301059 0.262938 0.347978 0.303992 0.288352 -0.416400 -0.368504 -0.721369 -0.423242 -0.071844 -0.251208 -0.000082 0.066956 160.547733 90.689162
0.346516 0.317233 0.550521 0.300639 0.262571 0.347492 0.303567 0.287950 -0.415819 -0.367990 -0.720362 -0.422651 -0.086629 -0.250858 -0.000082 0.066863 160.450232 90.695970
0.346558 0.318168 0.552143 0.300546 0.255513 0.359285 0.296630 0.287819 -0.419981 -0.372011 -0.724443 -0.415086 -0.071710 -0.235934 -0.000358 0.052131 160.395316 90.751136
0.346713 0.302764 0.578181 0.268581 0.296904 0.318390 0.294951 0.289091 -0.468796 -0.294951 -0.824299 -0.309600 -0.149429 -0.229026 0.025576 0.057867 160.376386 90.923244
0.349022 0.310894 0.574860 0.261034 0.291341 0.329469 0.300140 0.293296 -0.424302 -0.340223 -0.799721 -0.308939 -0.153003 -0.231704 -0.000000 0.066969 160.152740 90.940281
0.347160 0.304011 0.578601 0.262822 0.292242 0.329508 0.307933 0.297146 -0.427576 -0.335392 -0.804157 -0.310875 -0.150044 -0.225556 -0.000000 0.057370 159.910426 90.963786
0.347104 0.322660 0.545588 0.293327 0.262039 0.348081 0.299194 0.289416 -0.431191 -0.320704 -0.840871 -0.267905 -0.172574 -0.234662 -0.000088 0.069665 159.365501 90.968823
0.347543 0.322090 0.544322 0.292720 0.262371 0.346564 0.295657 0.288804 -0.426842 -0.321111 -0.843894 -0.267266 -0.173282 -0.240343 -0.000464 0.080522 158.970013 90.999799
0.346941 0.311758 0.553151 0.294167 0.262893 0.348896 0.300031 0.290258 -0.428057 -0.321531 -0.842432 -0.268757 -0.172982 -0.222336 -0.000034 0.064990 158.854124 91.052616
0.349290 0.302458 0.575646 0.261480 0.290750 0.327825 0.304409 0.286847 -0.429295 -0.341485 -0.802001 -0.312215 -0.152692 -0.218550 -0.019026 0.087079 158.666057 91.100539
0.347383 0.311177 0.561684 0.262250 0.290628 0.319005 0.304327 0.288670 -0.430559 -0.339555 -0.810234 -0.312156 -0.152653 -0.220172 -0.018470 0.087090 158.507317 91.159796
0.347148 0.308033 0.561304 0.262072 0.290431 0.318790 0.308033 0.288475 -0.430268 -0.339325 -0.813598 -0.310966 -0.155483 -0.228824 -0.000035 0.087031 157.043592 91.237434
0.347636 0.300632 0.571885 0.250690 0.289860 0.328051 0.306507 0.293777 -0.429893 -0.340781 -0.812782 -0.314341 -0.155212 -0.232084 -0.000103 0.087154 155.438318 91.341755
0.350743 0.299939 0.570567 0.251089 0.289192 0.327295 0.305801 0.294077 -0.428902 -0.339019 -0.824587 -0.300916 -0.152900 -0.232526 -0.000118 0.086953 154.778928 91.425224
0.347582 0.298627 0.563964 0.261421 0.289815 0.318209 0.308418 0.297648 -0.428848 -0.338770 -0.822447 -0.308418 -0.153719 -0.231558 -0.000000 0.087385 154.547730 91.442655
0.347086 0.308955 0.541650 0.290379 0.258115 0.343175 0.300156 0.287446 -0.408682 -0.359796 -0.819318 -0.286468 -0.178432 -0.249315 0.037275 0.079194 153.169619 91.443579
0.348290 0.309156 0.540045 0.290568 0.258282 0.343398 0.296438 0.289589 -0.409925 -0.358073 -0.819851 -0.287633 -0.185885 -0.225019 0.000000 0.100525 152.016719 91.459753
0.347739 0.308668 0.539191 0.290108 0.257874 0.341879 0.296946 0.289132 -0.408301 -0.358484 -0.824416 -0.285224 -0.177777 -0.248595 0.038339 0.101343 151.645338 91.470104
0.346407 0.297479 0.561688 0.261273 0.288672 0.317050 0.303351 0.294544 -0.435455 -0.341514 -0.821983 -0.308243 -0.153632 -0.232406 -0.018409 0.092962 151.276886 91.593959
0.346987 0.298116 0.562999 0.260974 0.289319 0.317665 0.307890 0.295184 -0.432024 -0.342100 -0.821041 -0.307890 -0.153456 -0.229696 -0.000000 0.066710 150.454236 91.602797
0.346407 0.297479 0.561688 0.261273 0.288672 0.317050 0.303350 0.294544 -0.435455 -0.341514 -0.821982 -0.308243 -0.153632 -0.232406 -0.018409 0.087091 150.380332 91.630399
0.346461 0.331780 0.518713 0.210910 0.298504 0.283824 0.274037 0.264250 -0.449225 -0.381694 -0.784920 -0.379737 -0.141423 -0.231953 0.027954 -0.001529 149.311524 91.774004
0.346467 0.333744 0.510892 0.208957 0.298510 0.283829 0.275021 0.269148 -0.443360 -0.384637 -0.786891 -0.393446 -0.125032 -0.226574 -0.010154 0.000034 148.122330 91.853340
0.347178 0.328649 0.516867 0.208210 0.297442 0.283789 0.274037 0.265260 -0.446651 -0.384237 -0.787978 -0.381311 -0.141895 -0.242342 -0.000000 0.014842 147.237004 91.950529
0.347136 0.326601 0.520215 0.208770 0.298243 0.284554 0.275753 0.265974 -0.445898 -0.384294 -0.788145 -0.379405 -0.141299 -0.227350 -0.009198 0.005607 146.907803 91.969654
0.347385 0.323900 0.518632 0.209899 0.298458 0.283780 0.274973 0.269101 -0.444262 -0.385549 -0.788712 -0.381635 -0.141401 -0.237788 -0.009021 0.038653 146.433587 91.980863
0.347008 0.322571 0.520023 0.198919 0.300088 0.285426 0.276629 0.270764 -0.445734 -0.386107 -0.789809 -0.394905 -0.123896 -0.240950 -0.000000 0.014723 146.003253 92.107814
0.348242 0.317918 0.522364 0.199066 0.300310 0.285637 0.276833 0.270964 -0.446063 -0.386392 -0.790393 -0.395196 -0.123988 -0.241128 -0.000000 0.014398 144.665989 92.221993
0.348009 0.317705 0.522013 0.198932 0.300109 0.285446 0.276648 0.270782 -0.445764 -0.385156 -0.791818 -0.395909 -0.124149 -0.241456 -0.000000 0.014755 144.393892 92.238402
0.348148 0.315876 0.522222 0.199500 0.300229 0.285559 0.276758 0.270890 -0.446920 -0.385310 -0.792134 -0.396067 -0.124199 -0.241552 -0.000000 0.014394 142.807585 92.333749
0.347251 0.329644 0.489086 0.212752 0.293451 0.270953 0.289539 0.272910 -0.446046 -0.370727 -0.851009 -0.337469 -0.153573 -0.231827 -0.025860 0.036559 142.493840 92.386856
0.348154 0.325661 0.495826 0.213195 0.295344 0.271873 0.290454 0.273829 -0.446928 -0.364779 -0.852782 -0.339352 -0.143760 -0.230799 -0.028177 0.033373 142.253361 92.397927
0.348391 0.326008 0.484633 0.267618 0.249128 0.319196 0.282216 0.278323 -0.380505 -0.400941 -0.852487 -0.278323 -0.197065 -0.255941 0.009671 0.000001 141.114294 92.405293
0.347952 0.325472 0.484787 0.267806 0.249235 0.322540 0.284421 0.280512 -0.380206 -0.400731 -0.852286 -0.278557 -0.198411 -0.258032 0.009743 0.000001 140.357690 92.413648
0.346883 0.325386 0.483682 0.266758 0.248681 0.320501 0.285324 0.276530 -0.376197 -0.400626 -0.855971 -0.279461 -0.197382 -0.255033 0.009619 0.012214 139.947133 92.440363
0.347018 0.327468 0.474095 0.272727 0.244379 0.320625 0.288367 0.280547 -0.378299 -0.402736 -0.856304 -0.279569 -0.203812 -0.260997 -0.008492 0.036046 138.972945 92.453973
0.347175 0.320770 0.490935 0.256225 0.245956 0.335439 0.285564 0.280674 -0.381403 -0.400962 -0.850823 -0.289475 -0.197058 -0.256225 0.008649 0.012347 138.658284 92.497721
0.347224 0.320890 0.490601 0.256517 0.245788 0.335520 0.285777 0.277975 -0.379411 -0.400869 -0.858308 -0.278950 -0.197021 -0.256517 0.008656 0.012344 138.620149 92.521417
0.347131 0.320730 0.490873 0.256193 0.245925 0.335397 0.285528 0.277705 -0.379400 -0.400912 -0.858539 -0.278683 -0.197034 -0.256193 0.008648 0.012345 138.594318 92.527510
0.347717 0.324210 0.477989 0.270338 0.246830 0.322251 0.286989 0.279153 -0.377102 -0.401589 -0.858029 -0.281112 -0.197856 -0.257605 0.008693 0.012397 138.150144 92.550187
0.347336 0.318962 0.491162 0.256343 0.246559 0.335595 0.285696 0.277869 -0.379623 -0.401148 -0.859044 -0.278847 -0.197150 -0.256343 0.008653 0.012352 137.957292 92.574858
0.348000 0.323562 0.478011 0.271753 0.246337 0.316719 0.286416 0.278595 -0.377326 -0.401764 -0.858269 -0.280550 -0.197461 -0.257090 0.008676 0.012402 137.906868 92.611095
0.348051 0.323609 0.475148 0.269837 0.246862 0.322632 0.283525 0.279614 -0.381292 -0.402801 -0.858396 -0.280592 -0.203845 -0.250284 -0.000082 0.016376 137.134085 92.624727
0.347089 0.312869 0.502546 0.213142 0.294293 0.271805 0.290382 0.273761 -0.445839 -0.369577 -0.852569 -0.338290 -0.150079 -0.245407 -0.000000 0.034953 137.062948 92.809858
0.347563 0.312416 0.499865 0.216738 0.294842 0.272387 0.291913 0.274340 -0.422738 -0.354397 -0.919674 -0.229918 -0.250909 -0.220644 -0.000000 0.049059 135.869320 92.841357
0.347330 0.312107 0.504851 0.221606 0.290583 0.281777 0.298410 0.280799 -0.412882 -0.388422 -0.847289 -0.320913 -0.168284 -0.233836 -0.009203 0.058337 135.110069 92.893131
0.347837 0.323479 0.477423 0.269890 0.245532 0.319581 0.280608 0.276711 -0.377067 -0.397528 -0.865208 -0.276711 -0.202174 -0.257224 -0.008434 0.035807 133.752396 92.990252
0.346393 0.315081 0.492192 0.271048 0.247564 0.322909 0.287683 0.278876 -0.377706 -0.402169 -0.849349 -0.289640 -0.180046 -0.261263 -0.021099 0.031557 132.502099 93.112573
0.347263 0.306178 0.498885 0.215694 0.292484 0.271941 0.304222 0.284658 -0.438236 -0.373675 -0.860821 -0.341394 -0.139883 -0.229878 -0.024394 0.038395 130.753923 93.219481
0.346819 0.307741 0.496293 0.216395 0.294063 0.269639 0.304810 0.286248 -0.439629 -0.369289 -0.865582 -0.339980 -0.141170 -0.230561 -0.000000 0.029614 130.628352 93.297646
0.346932 0.305886 0.498409 0.215489 0.292205 0.271682 0.303932 0.284386 -0.437818 -0.373318 -0.861955 -0.342046 -0.139750 -0.229659 -0.022172 0.001054 127.862462 93.404065
0.347722 0.301686 0.503462 0.222346 0.286993 0.278178 0.295809 0.273280 -0.444692 -0.372209 -0.854123 -0.338907 -0.150353 -0.246344 -0.025957 0.048608 127.465649 93.489318
0.349187 0.298325 0.504708 0.218609 0.293435 0.272894 0.310063 0.288544 -0.433305 -0.373640 -0.858785 -0.344297 -0.141827 -0.222032 -0.027204 0.034845 126.800794 93.574086
0.347159 0.298263 0.502647 0.218563 0.292396 0.271860 0.304131 0.284573 -0.438105 -0.373563 -0.860563 -0.344225 -0.139841 -0.229809 -0.024020 0.038383 126.300319 93.630789
0.347100 0.298213 0.502562 0.218526 0.292346 0.271814 0.304079 0.284524 -0.438031 -0.373499 -0.860417 -0.344167 -0.137862 -0.246392 -0.025360 0.044487 126.185745 93.652256
0.347291 0.291528 0.514577 0.208863 0.290550 0.280767 0.294463 0.279789 -0.428488 -0.400118 -0.823714 -0.367834 -0.144786 -0.244082 -0.009141 0.051238 124.496003 93.760549
0.353572 0.287768 0.512679 0.217054 0.295625 0.273036 0.309375 0.286786 -0.440983 -0.373215 -0.856430 -0.339822 -0.150759 -0.246518 -0.000000 0.049107 122.715772 93.851097
0.350047 0.294313 0.497693 0.276713 0.251291 0.316803 0.299202 0.288447 -0.382314 -0.401870 -0.856540 -0.281602 -0.204846 -0.222446 -0.020900 0.032756 121.924127 93.860994
0.348055 0.289394 0.493730 0.258108 0.248820 0.319702 0.295260 0.287439 -0.421381 -0.366631 -0.893602 -0.290372 -0.184293 -0.257130 0.028658 0.055361 120.529483 93.935629
0.348050 0.289390 0.493722 0.258104 0.248816 0.319697 0.295256 0.287434 -0.421375 -0.366625 -0.893588 -0.290367 -0.184290 -0.257127 0.022792 0.055849 120.450551 93.957152
0.348055 0.289394 0.493729 0.258108 0.248820 0.319702 0.295260 0.287438 -0.421381 -0.366631 -0.893601 -0.290371 -0.184293 -0.257130 0.028719 0.048151 120.319835 93.993705
0.349911 0.288506 0.492215 0.265114 0.247082 0.320671 0.287531 0.270962 -0.427886 -0.365506 -0.890860 -0.289481 -0.183728 -0.256341 0.028631 0.048003 119.307305 94.054408
0.356373 0.294693 0.459173 0.204131 0.266300 0.268259 0.273154 0.262384 -0.450361 -0.372037 -0.951633 -0.231544 -0.293714 -0.234482 -0.000000 -0.000203 119.221165 94.391969
0.356121 0.294485 0.458849 0.203987 0.266113 0.268069 0.272961 0.262199 -0.450043 -0.371775 -0.950961 -0.231381 -0.298398 -0.246056 -0.008927 -0.000203 118.955421 94.417689
0.354976 0.281634 0.458633 0.203891 0.265988 0.267943 0.272833 0.262076 -0.453743 -0.384313 -0.950514 -0.231761 -0.298258 -0.245941 -0.008893 -0.000199 116.002127 94.981609
0.368586 0.265930 0.469287 0.203847 0.267885 0.268863 0.289394 0.264952 -0.447778 -0.384229 -0.950307 -0.231222 -0.294282 -0.273751 -0.009013 -0.001035 114.209564 95.222222
0.443835 0.208720 0.476097 0.214586 0.262977 0.266888 0.289373 0.263955 -0.445791 -0.382246 -0.967835 -0.235115 -0.285462 -0.229739 -0.008890 0.016803 112.814338 95.389698
0.433874 0.195927 0.491528 0.214494 0.259933 0.275569 0.295112 0.280455 -0.454395 -0.431920 -0.840386 -0.407490 -0.165634 -0.228175 -0.012459 -0.034080 111.750008 95.785887
