0.286422 0.389064 0.382221 0.566978 0.474111 0.329434 0.412525 0.372446 -0.325523 -0.194043 -0.394929 -0.383199 -0.494639 0.293264 0.009806 0.097266 215.660736 87.623778
0.284669 0.386683 0.379882 0.563509 0.471210 0.327418 0.410001 0.370167 -0.323532 -0.219574 -0.392513 -0.380854 -0.491613 0.291470 0.009746 0.095214 215.450825 87.873324
0.285975 0.388809 0.379015 0.560198 0.468138 0.329067 0.408396 0.369221 -0.323191 -0.239455 -0.374118 -0.377056 -0.489684 0.206157 -0.000002 0.139070 214.652523 88.283118
0.286444 0.388117 0.381273 0.559201 0.467304 0.328482 0.407669 0.368564 -0.326526 -0.239029 -0.374430 -0.376385 -0.488812 0.205790 -0.000002 0.138823 214.362110 88.358855
0.284992 0.392721 0.373134 0.566067 0.474008 0.328084 0.412308 0.372155 -0.336898 -0.166490 -0.367258 -0.607200 -0.033053 -0.204196 0.152290 0.112626 214.268127 89.093367
0.283360 0.392795 0.373253 0.564765 0.473894 0.327329 0.412337 0.372276 -0.336123 -0.166107 -0.367390 -0.605803 -0.038840 -0.204214 0.151939 0.112611 214.134891 89.094115
0.284900 0.393574 0.373993 0.565884 0.474834 0.327978 0.413154 0.373014 -0.336789 -0.166437 -0.368119 -0.616794 -0.010922 -0.204619 0.152241 0.113813 214.070296 89.164194
0.289374 0.393001 0.374426 0.565061 0.474143 0.327501 0.412553 0.372471 -0.336299 -0.166194 -0.367583 -0.606120 -0.033605 -0.201388 0.152508 0.124646 213.512965 89.235848
0.286504 0.387221 0.380376 0.563231 0.471315 0.326596 0.410689 0.370598 -0.344197 -0.165742 -0.369620 -0.604300 -0.032880 -0.203389 0.151564 0.112206 213.137867 89.367097
0.285128 0.391928 0.374291 0.558498 0.468354 0.327260 0.407605 0.367433 -0.336078 -0.166569 -0.370372 -0.697632 0.079855 -0.058544 0.026149 0.122233 212.809886 89.842981
0.284166 0.388654 0.379865 0.558568 0.466775 0.326157 0.406231 0.366194 -0.342758 -0.166008 -0.369123 -0.695280 0.079586 -0.058347 0.027892 0.119867 212.493422 89.988513
0.283679 0.390303 0.373673 0.555619 0.465624 0.325741 0.403019 0.364870 -0.340415 -0.165316 -0.369761 -0.686698 0.079479 -0.191239 0.155045 0.116162 212.358288 90.267941
0.284013 0.390762 0.374113 0.556273 0.464214 0.324166 0.404473 0.371175 -0.340815 -0.165511 -0.370196 -0.685548 0.079817 -0.190974 0.153269 0.113115 212.250868 90.303969
0.285421 0.389033 0.377303 0.553248 0.465276 0.325498 0.402718 0.364596 -0.340160 -0.165192 -0.369484 -0.686184 0.079419 -0.191095 0.154929 0.114364 212.113221 90.346072
0.283248 0.386781 0.379944 0.552823 0.465895 0.323294 0.405338 0.365293 -0.341852 -0.165554 -0.369200 -0.685657 0.079358 -0.188995 0.154810 0.113055 212.014535 90.370369
0.282971 0.387739 0.379906 0.552234 0.466070 0.323116 0.405363 0.365219 -0.341719 -0.165474 -0.369135 -0.685397 0.079310 -0.190932 0.154704 0.114314 211.920628 90.380053
0.286620 0.389334 0.376617 0.553676 0.463680 0.323793 0.404008 0.364879 -0.340423 -0.165320 -0.369770 -0.686715 0.079481 -0.191243 0.155049 0.114453 211.902692 90.421913
0.285563 0.388248 0.378468 0.553522 0.463551 0.322725 0.403895 0.364777 -0.339350 -0.165274 -0.367711 -0.688480 0.079214 -0.190701 0.153050 0.115643 211.800817 90.484053
0.285620 0.388325 0.378544 0.553633 0.462665 0.322789 0.403976 0.365828 -0.340396 -0.165307 -0.367784 -0.688617 0.079719 -0.190739 0.153080 0.115666 211.726323 90.507276
0.285622 0.388328 0.378547 0.553636 0.462668 0.322792 0.403979 0.365830 -0.340398 -0.165308 -0.367787 -0.688622 0.079720 -0.190740 0.153081 0.124470 211.501284 90.525062
0.283442 0.388022 0.380203 0.553201 0.466213 0.323515 0.405615 0.365543 -0.342085 -0.165667 -0.372384 -0.721311 0.168599 -0.216002 0.108979 0.129015 211.498338 90.554629
0.286497 0.389519 0.376764 0.553372 0.463106 0.323781 0.404236 0.365971 -0.340461 -0.170721 -0.372839 -0.722131 0.170721 -0.216345 0.105229 0.130984 211.350937 90.664653
0.284424 0.387051 0.377277 0.551255 0.461334 0.320588 0.402689 0.363593 -0.338181 -0.169579 -0.369458 -0.690046 0.079903 -0.192548 0.155407 0.129506 211.265066 90.697784
0.285497 0.388158 0.378381 0.553394 0.462465 0.323628 0.403802 0.365670 -0.339272 -0.170613 -0.372514 -0.721563 0.168658 -0.216078 0.109017 0.129060 211.177896 90.709687
0.285488 0.388146 0.378369 0.553377 0.462451 0.322640 0.403789 0.365659 -0.339261 -0.170608 -0.372503 -0.721541 0.168164 -0.216071 0.109013 0.131011 211.106795 90.755883
0.289317 0.388036 0.378262 0.553221 0.462320 0.322549 0.403675 0.365556 -0.339165 -0.170560 -0.372398 -0.721337 0.168117 -0.216010 0.107028 0.130974 210.864602 90.773062
0.285514 0.388182 0.378404 0.553429 0.462494 0.322670 0.403827 0.365693 -0.339293 -0.170624 -0.372538 -0.721608 0.168669 -0.216091 0.109023 0.137868 210.778103 90.783697
0.283649 0.388305 0.380480 0.551648 0.462641 0.322772 0.402977 0.365809 -0.342334 -0.170189 -0.371677 -0.721837 0.168722 -0.216160 0.105146 0.138890 210.699597 90.805739
0.284759 0.387156 0.377404 0.551965 0.462246 0.321817 0.402759 0.363751 -0.337420 -0.194065 -0.447618 -0.618279 0.157983 -0.202842 0.137016 0.116293 209.964515 90.932773
0.284143 0.386318 0.376587 0.550771 0.461246 0.321121 0.401888 0.361018 -0.334744 -0.196078 -0.444704 -0.613049 0.133800 -0.200457 0.151803 0.124069 209.674688 91.044116
0.282991 0.388380 0.374719 0.546465 0.457664 0.319096 0.399114 0.363009 -0.336661 -0.197118 -0.446930 -0.616725 0.134665 -0.201509 0.152717 0.124662 209.470146 91.283981
0.286955 0.381630 0.390414 0.566101 0.432384 0.324044 0.404079 0.370894 -0.314284 -0.165926 -0.369918 -0.685177 0.079791 -0.190815 0.153238 0.112976 208.779286 91.441017
0.286534 0.390195 0.376504 0.584804 0.409754 0.332497 0.401930 0.371615 -0.314894 -0.166249 -0.369659 -0.686509 0.079946 -0.193142 0.155491 0.113196 208.538439 91.596938
0.291328 0.390067 0.376381 0.584612 0.409620 0.332388 0.401799 0.371493 -0.314791 -0.166194 -0.369537 -0.686284 0.079920 -0.193078 0.155440 0.113159 208.467548 91.629201
0.286364 0.389963 0.376280 0.584456 0.409510 0.332300 0.398760 0.365530 -0.314707 -0.166150 -0.369439 -0.688056 0.079654 -0.191561 0.154910 0.125101 208.270616 91.717597
0.288479 0.384313 0.385291 0.582826 0.408760 0.329551 0.403871 0.368667 -0.319772 -0.168198 -0.373556 -0.676704 0.079454 -0.190201 0.154019 0.115147 207.843083 91.812743
0.286799 0.386640 0.380767 0.585344 0.405238 0.327910 0.403281 0.366085 -0.319101 -0.168849 -0.367064 -0.687143 0.079775 -0.191852 0.155146 0.125291 207.832795 91.912671
0.286252 0.388834 0.379064 0.584228 0.404466 0.326308 0.404466 0.368318 -0.319469 -0.166085 -0.368318 -0.689741 0.079623 -0.191975 0.154850 0.125541 207.712090 91.943335
0.290643 0.388503 0.381653 0.583244 0.404161 0.326851 0.403182 0.365017 -0.319023 -0.168808 -0.366974 -0.686975 0.079511 -0.191316 0.154618 0.125260 207.545030 92.002908
0.286676 0.388432 0.381583 0.583137 0.404087 0.326792 0.403108 0.364950 -0.318964 -0.168777 -0.366907 -0.686849 0.079496 -0.199108 0.154590 0.129151 207.418117 92.005344
0.291397 0.390159 0.379403 0.580839 0.404827 0.323666 0.404827 0.366691 -0.319755 -0.169167 -0.368647 -0.688402 0.079694 -0.192146 0.154988 0.129564 207.275805 92.050168
0.295669 0.388005 0.381129 0.581516 0.402739 0.325138 0.404704 0.368359 -0.320227 -0.166498 -0.368359 -0.689568 0.079811 -0.192038 0.155202 0.125733 207.171601 92.071222
0.285796 0.387936 0.378115 0.579448 0.403650 0.323116 0.403650 0.366329 -0.320170 -0.169415 -0.371240 -0.689445 0.079797 -0.204771 0.155174 0.129639 206.953782 92.071898
0.292593 0.387833 0.383905 0.577330 0.402560 0.324994 0.401578 0.368195 -0.323030 -0.169370 -0.368195 -0.689262 0.080267 -0.192443 0.154642 0.129114 206.859902 92.158680
0.294358 0.393129 0.379438 0.582847 0.396062 0.325651 0.404864 0.366725 -0.323696 -0.169182 -0.367702 -0.688464 0.080190 -0.192164 0.154513 0.129087 206.580927 92.201522
0.285703 0.384525 0.378654 0.575320 0.409964 0.326797 0.400180 0.365935 -0.311142 -0.190306 -0.450080 -0.616414 0.136492 -0.203514 0.153614 0.125240 206.485620 92.331905
0.290857 0.385851 0.381934 0.573880 0.409355 0.326113 0.399562 0.366265 -0.308485 -0.189988 -0.449507 -0.615012 0.135636 -0.191457 0.153753 0.115315 206.286123 92.377275
0.290470 0.386315 0.381425 0.580940 0.403920 0.324701 0.403920 0.368711 -0.318832 -0.194625 -0.448908 -0.620061 0.168707 -0.203427 0.137411 0.116628 205.960476 92.447099
0.285472 0.388124 0.377370 0.578765 0.402789 0.322622 0.402789 0.364661 -0.312846 -0.191129 -0.452649 -0.612005 0.137359 -0.204327 0.153490 0.125138 205.931482 92.577272
0.288996 0.388582 0.378818 0.577991 0.402250 0.322191 0.402250 0.364173 -0.312428 -0.190874 -0.452044 -0.611186 0.137175 -0.204054 0.153285 0.124971 205.757113 92.629177
0.291305 0.386126 0.382216 0.574790 0.400789 0.323564 0.399812 0.365598 -0.310856 -0.190131 -0.449666 -0.615847 0.136366 -0.203327 0.153473 0.125124 205.152429 92.710903
0.294747 0.387466 0.385514 0.569975 0.401130 0.324027 0.399178 0.365994 -0.314267 -0.189829 -0.448953 -0.614870 0.136150 -0.203005 0.153230 0.124926 204.639043 92.739188
0.294099 0.384967 0.387898 0.572565 0.401577 0.322434 0.401577 0.366402 -0.323411 -0.168057 -0.525665 -0.488537 0.039571 -0.189552 0.153889 0.128485 204.307662 92.836837
0.289793 0.387367 0.380537 0.577635 0.400051 0.322968 0.402003 0.363949 -0.318090 -0.165387 -0.604956 -0.416639 0.078791 -0.190756 0.153190 0.115625 203.752773 92.931564
0.289765 0.387329 0.378548 0.571724 0.399036 0.320985 0.400012 0.363913 -0.320985 -0.166834 -0.608799 -0.419525 0.079515 -0.189274 0.153175 0.125857 203.465809 93.082386
0.294229 0.389047 0.378295 0.570863 0.398822 0.320622 0.399800 0.363632 -0.320622 -0.166665 -0.608008 -0.419350 0.079422 -0.189147 0.152980 0.125609 203.181119 93.110366
0.286752 0.386576 0.380704 0.573503 0.393427 0.322963 0.399299 0.365046 -0.321984 -0.167353 -0.606778 -0.420830 0.079762 -0.189374 0.153163 0.125270 202.807387 93.172752
0.289385 0.386173 0.382262 0.572904 0.393016 0.322625 0.398882 0.364664 -0.321648 -0.167179 -0.606144 -0.420391 0.079679 -0.189176 0.153003 0.125140 202.668746 93.213177
0.290831 0.385497 0.381593 0.571902 0.392329 0.322061 0.398184 0.364026 -0.321085 -0.166886 -0.608988 -0.419655 0.079539 -0.188845 0.152735 0.125409 202.483338 93.251064
0.284933 0.394598 0.383827 0.616865 0.269266 0.389702 0.328015 0.319203 -0.330953 -0.238913 -0.374035 -0.581615 -0.091306 -0.020868 0.025764 0.067561 202.419589 93.360680
0.285539 0.395061 0.384304 0.618016 0.269893 0.390172 0.328566 0.319765 -0.331499 -0.243002 -0.380393 -0.573034 -0.073829 -0.041071 0.000043 0.078230 202.213258 93.384472
0.285986 0.389803 0.384906 0.618984 0.270316 0.390782 0.329080 0.320265 -0.332018 -0.243382 -0.380988 -0.573931 -0.073945 -0.041135 0.000044 0.078842 201.882175 93.389506
0.292067 0.393317 0.382608 0.615288 0.267728 0.386502 0.327115 0.318353 -0.330036 -0.241929 -0.378713 -0.578293 -0.090541 -0.018132 0.025799 0.067419 201.840469 93.531864
0.290063 0.392610 0.387727 0.613331 0.267600 0.387727 0.326198 0.316432 -0.335965 -0.238301 -0.388704 -0.568406 -0.073248 -0.050419 0.025576 0.077887 201.320753 93.613447
0.285298 0.392774 0.375187 0.648761 0.217882 0.406452 0.334151 0.320472 -0.340013 -0.239866 -0.374210 -0.582321 -0.091354 -0.014869 0.026075 0.068149 201.199890 93.841558
0.285737 0.393377 0.375763 0.645843 0.217727 0.407077 0.331728 0.323900 -0.340535 -0.239745 -0.374785 -0.583216 -0.091494 -0.014892 0.026115 0.067765 201.148347 93.876470
0.289440 0.395046 0.378423 0.641461 0.217569 0.406780 0.331487 0.323664 -0.340287 -0.239081 -0.374512 -0.582791 -0.091428 -0.018273 0.026096 0.067960 200.942086 93.928122
0.293349 0.395043 0.378420 0.641456 0.217078 0.406777 0.330507 0.322684 -0.341263 -0.239568 -0.373531 -0.582787 -0.091427 -0.018273 0.027868 0.067226 200.885563 93.952014
0.293270 0.394937 0.378318 0.641284 0.217020 0.406668 0.331395 0.323575 -0.341171 -0.239015 -0.374408 -0.582630 -0.091403 -0.018268 0.027861 0.067208 200.848823 93.957516
0.296137 0.394849 0.378234 0.641141 0.216971 0.406577 0.331321 0.323502 -0.341095 -0.238962 -0.374325 -0.582500 -0.091382 -0.018264 0.027854 0.067193 200.677376 93.975042
0.284946 0.389719 0.372094 0.644310 0.225704 0.403428 0.333905 0.318238 -0.282987 -0.257528 -0.359364 -0.671727 0.076867 -0.149817 0.090086 0.058629 200.347507 94.244557
0.286098 0.393874 0.376238 0.638821 0.216533 0.403672 0.331168 0.319410 -0.287078 -0.257684 -0.359582 -0.672134 0.077403 -0.150397 0.090385 0.060869 200.020487 94.471165
0.286067 0.393832 0.376198 0.638752 0.216510 0.403629 0.331132 0.319376 -0.284108 -0.258636 -0.360523 -0.674021 0.093315 -0.186140 0.103356 0.062700 199.899101 94.532383
0.285604 0.393194 0.375588 0.637717 0.216159 0.402975 0.330596 0.318859 -0.286582 -0.256261 -0.361895 -0.669016 0.078492 -0.185838 0.102944 0.067489 199.741904 94.565129
0.284706 0.389392 0.375695 0.635942 0.215731 0.402111 0.329712 0.316993 -0.284706 -0.259269 -0.361998 -0.677034 0.077781 -0.151159 0.103707 0.064573 199.320061 94.616564
0.284707 0.389393 0.375696 0.635943 0.215732 0.402112 0.329712 0.316993 -0.284707 -0.259269 -0.361999 -0.677035 0.077781 -0.151159 0.103708 0.067997 199.142122 94.620065
0.285785 0.390868 0.375155 0.628531 0.218022 0.402653 0.321140 0.318194 -0.287749 -0.260251 -0.363370 -0.679599 0.078075 -0.151731 0.104100 0.068255 199.101555 94.644376
0.284322 0.388867 0.375188 0.635084 0.215440 0.401568 0.329266 0.316565 -0.286276 -0.256965 -0.365417 -0.680028 0.084515 -0.150954 0.103567 0.067905 198.841083 94.655113
0.284173 0.391592 0.374015 0.626938 0.217280 0.401358 0.320305 0.317375 -0.286126 -0.256830 -0.365226 -0.677718 0.077879 -0.184566 0.057738 0.110105 198.699823 94.821775
0.284199 0.390651 0.373072 0.625042 0.216811 0.400417 0.319357 0.316427 -0.286152 -0.263689 -0.365259 -0.679733 0.084478 -0.184094 0.057743 0.114265 198.397309 94.904026
0.283778 0.390440 0.372826 0.624312 0.216748 0.400225 0.319006 0.316070 -0.285735 -0.257357 -0.372826 -0.677154 0.084400 -0.183967 0.057734 0.114490 198.257143 94.938833
0.283594 0.390186 0.372583 0.623906 0.216607 0.399965 0.318798 0.315865 -0.285549 -0.257190 -0.372583 -0.678669 0.084345 -0.183847 0.057697 0.114415 198.129128 94.948444
0.290253 0.388958 0.389936 0.578551 0.254093 0.366481 0.339117 0.322503 -0.307844 -0.268753 -0.365504 -0.680188 0.079404 -0.188615 0.095285 0.100660 196.716545 95.016638
0.290255 0.388961 0.389938 0.578555 0.254095 0.366483 0.338142 0.322505 -0.307846 -0.268754 -0.365506 -0.680193 0.079405 -0.188617 0.095286 0.100661 196.704996 95.017647
0.289664 0.391437 0.389480 0.577370 0.254434 0.366972 0.337615 0.322936 -0.308257 -0.269113 -0.365994 -0.681101 0.084648 -0.188868 0.095413 0.101040 196.639813 95.017682
0.284749 0.390429 0.383579 0.583197 0.256372 0.365966 0.340524 0.321932 -0.307255 -0.260286 -0.451097 -0.620380 0.166837 -0.213317 0.108371 0.077058 196.311601 95.253679
0.285925 0.391678 0.384824 0.585559 0.252632 0.367198 0.340760 0.323134 -0.308446 -0.253612 -0.452388 -0.620810 0.167442 -0.213954 0.108691 0.076867 196.247621 95.256594
0.285288 0.390805 0.383966 0.584254 0.252069 0.366380 0.340001 0.322414 -0.307759 -0.260863 -0.451380 -0.619427 0.167069 -0.213477 0.108448 0.077184 196.206840 95.316736
0.284783 0.389496 0.385582 0.581309 0.251509 0.366988 0.338607 0.321971 -0.308270 -0.261295 -0.452129 -0.620454 0.167346 -0.213832 0.108384 0.078046 195.814126 95.360158
0.291383 0.390140 0.389162 0.576899 0.254226 0.364717 0.339295 0.321694 -0.308983 -0.258138 -0.451741 -0.619922 0.169647 -0.218537 0.077246 0.095824 195.338642 95.419806
0.284756 0.391417 0.379674 0.579297 0.250507 0.363039 0.341511 0.320962 -0.309219 -0.268121 -0.454044 -0.620396 0.169777 -0.217726 0.093206 0.097365 195.303270 95.521611
0.284702 0.391343 0.379603 0.579187 0.250459 0.362971 0.341447 0.320901 -0.311118 -0.268070 -0.453958 -0.620278 0.169745 -0.217684 0.093189 0.097347 195.249810 95.529649
0.289457 0.391158 0.379423 0.578914 0.250341 0.362799 0.341285 0.320750 -0.310971 -0.267943 -0.453743 -0.619986 0.169665 -0.217582 0.093145 0.097301 195.008361 95.560967
0.291409 0.389197 0.379418 0.578906 0.250338 0.362794 0.341281 0.320745 -0.310967 -0.267940 -0.454715 -0.619977 0.169663 -0.218068 0.093143 0.097544 194.742250 95.592286
0.289636 0.388465 0.387487 0.573402 0.252453 0.362046 0.340519 0.318013 -0.310185 -0.272023 -0.451089 -0.616456 0.169770 -0.216249 0.093202 0.096872 194.717324 95.602023
0.285391 0.391309 0.384444 0.590397 0.220663 0.385425 0.332466 0.318736 -0.314813 -0.262834 -0.453095 -0.617857 0.167704 -0.214288 0.089736 0.097337 194.572754 95.657601
0.285658 0.391312 0.385442 0.588925 0.221091 0.383486 0.330659 0.317941 -0.315006 -0.264136 -0.450009 -0.622186 0.170221 -0.212287 0.092937 0.096850 194.491541 95.687146
0.290429 0.388217 0.389194 0.584770 0.226378 0.382349 0.324655 0.318787 -0.313898 -0.262071 -0.451778 -0.619973 0.169661 -0.217088 0.093143 0.100721 194.428373 95.717646
0.290265 0.388975 0.390930 0.588349 0.219898 0.384088 0.331313 0.317630 -0.313721 -0.261923 -0.451524 -0.615714 0.167122 -0.213545 0.089425 0.096999 194.395208 95.725408
0.290363 0.388129 0.389106 0.586593 0.220461 0.382263 0.332403 0.317738 -0.312849 -0.266900 -0.450699 -0.617878 0.169134 -0.216550 0.102409 0.094588 194.133671 95.785896
0.290319 0.388069 0.389047 0.586503 0.220427 0.382204 0.332352 0.317689 -0.312802 -0.266859 -0.450630 -0.617783 0.169108 -0.216517 0.073557 0.114124 193.810800 95.798084
0.291989 0.387691 0.383785 0.587884 0.220212 0.380855 0.331051 0.316403 -0.313473 -0.263669 -0.456050 -0.617181 0.168455 -0.233884 0.090087 0.114501 193.795062 95.870839
0.284496 0.391060 0.379328 0.580724 0.221927 0.379328 0.332401 0.325558 -0.321647 -0.263966 -0.456563 -0.625696 0.169622 -0.233658 0.090188 0.118540 193.526109 95.896156
0.290135 0.388800 0.380985 0.580269 0.221753 0.379031 0.334094 0.325303 -0.321395 -0.263759 -0.456205 -0.625206 0.169489 -0.233475 0.090118 0.116249 193.246541 95.933753
0.292875 0.386595 0.383666 0.583798 0.219656 0.378785 0.331925 0.317281 -0.321186 -0.264564 -0.453957 -0.624800 0.169379 -0.215751 0.090059 0.114221 193.007591 95.939353
0.292701 0.386678 0.383742 0.583444 0.219770 0.378847 0.331858 0.317174 -0.322069 -0.264312 -0.454225 -0.624559 0.169355 -0.215855 0.090062 0.114290 192.979649 95.940963
0.290556 0.389364 0.387408 0.583068 0.218161 0.381538 0.330666 0.319905 -0.323818 -0.232347 -0.569372 -0.416757 -0.011709 -0.205443 0.148213 0.100276 192.692970 96.019553
0.290487 0.389273 0.385360 0.586843 0.216154 0.382426 0.331567 0.316895 -0.325698 -0.228380 -0.582931 -0.427418 0.045603 -0.188768 0.025613 0.140842 192.222013 96.043376
0.294284 0.389119 0.385209 0.586612 0.216069 0.382276 0.334369 0.316771 -0.325570 -0.228290 -0.582701 -0.427249 0.045585 -0.188694 0.025603 0.140787 192.049153 96.062090
0.285737 0.392766 0.374110 0.587185 0.217003 0.382947 0.331887 0.317159 -0.322068 -0.229768 -0.608787 -0.420260 0.079535 -0.188528 0.029703 0.141887 191.959325 96.097869
0.289160 0.386520 0.383599 0.586109 0.219060 0.381652 0.330051 0.315447 -0.320315 -0.228797 -0.605581 -0.418649 0.079105 -0.187905 0.025679 0.141172 191.510655 96.112283
0.289093 0.389689 0.383830 0.584046 0.215843 0.380900 0.330113 0.315463 -0.324253 -0.228540 -0.605533 -0.418013 0.079110 -0.187520 0.029544 0.141128 191.504854 96.172491
0.294700 0.390332 0.383501 0.583546 0.215658 0.380573 0.328854 0.315193 -0.323975 -0.228344 -0.605014 -0.417655 0.079042 -0.187359 0.029519 0.141007 191.160172 96.200198
0.287002 0.389853 0.382017 0.579882 0.215986 0.378099 0.332061 0.318347 -0.320306 -0.290921 -0.579882 -0.356549 -0.011877 -0.201294 0.149378 0.111177 190.632320 96.298623
0.290790 0.390322 0.381539 0.579628 0.215653 0.377636 0.331773 0.318112 -0.320064 -0.290790 -0.579628 -0.356169 -0.011862 -0.202967 0.149298 0.110998 190.519681 96.323041
0.290454 0.390206 0.381405 0.578953 0.215640 0.377493 0.331529 0.317837 -0.319793 -0.290454 -0.580909 -0.355978 -0.011858 -0.202927 0.149139 0.111243 190.467396 96.339305
0.289901 0.391075 0.378428 0.577857 0.214508 0.376483 0.330760 0.317140 -0.319086 -0.297684 -0.579803 -0.355081 -0.011704 -0.202347 0.148842 0.110415 190.396075 96.409027
0.294306 0.391105 0.378394 0.576879 0.214619 0.376438 0.330483 0.314839 -0.322661 -0.297240 -0.578835 -0.354928 -0.011703 -0.202397 0.148620 0.110487 190.089156 96.426061
0.288288 0.388945 0.378195 0.576576 0.213040 0.378195 0.331287 0.315651 -0.317606 -0.296106 -0.582440 -0.358650 -0.011696 -0.202290 0.148542 0.109940 189.480632 96.444999
0.284030 0.388467 0.396275 0.560251 0.215218 0.378706 0.324048 0.319167 -0.288910 -0.299646 -0.581724 -0.358209 -0.008632 -0.216682 0.149335 0.111757 189.126525 96.500335
0.284627 0.384393 0.398086 0.561429 0.215671 0.379503 0.324729 0.319839 -0.289517 -0.299298 -0.582947 -0.357006 -0.011768 -0.203445 0.149649 0.111014 188.986251 96.507937
0.284548 0.384286 0.396998 0.561273 0.215611 0.379397 0.324639 0.319750 -0.289437 -0.300193 -0.582785 -0.358863 -0.008617 -0.209255 0.149608 0.111961 188.960039 96.523986
0.290312 0.384150 0.397834 0.561073 0.215534 0.379262 0.324523 0.319636 -0.289334 -0.299109 -0.582578 -0.356780 -0.011760 -0.203316 0.149554 0.110944 188.763880 96.543581
0.293590 0.383624 0.396346 0.559777 0.212852 0.378731 0.324906 0.319034 -0.288696 -0.298483 -0.581307 -0.355243 -0.034374 -0.190833 0.153156 0.112787 188.587679 96.592593
0.294109 0.385957 0.394751 0.556951 0.211544 0.377163 0.331239 0.321468 -0.291178 -0.298018 -0.588218 -0.355667 -0.011786 -0.208612 0.150474 0.114077 188.237879 96.686102
0.292959 0.387019 0.388979 0.585918 0.156767 0.419352 0.326272 0.320393 -0.290019 -0.299817 -0.583958 -0.358605 -0.008634 -0.209186 0.149419 0.111942 187.986232 96.784124
0.292600 0.386545 0.388502 0.585200 0.156575 0.418839 0.325872 0.320979 -0.290643 -0.300429 -0.585200 -0.358166 -0.008624 -0.208930 0.149236 0.111805 187.883168 96.815363
0.293476 0.384454 0.388367 0.583040 0.156032 0.417715 0.312063 0.313041 -0.288585 -0.299346 -0.583040 -0.357063 -0.034361 -0.210325 0.153586 0.132553 187.364740 96.844784
0.293196 0.385064 0.387019 0.582483 0.155883 0.416339 0.311765 0.312743 -0.288310 -0.299060 -0.584438 -0.357699 -0.034328 -0.209635 0.153439 0.131938 187.257480 96.858997
0.306718 0.385840 0.387794 0.584132 0.156290 0.418075 0.325278 0.320394 -0.290113 -0.299881 -0.584132 -0.357512 -0.010562 -0.208549 0.148964 0.111601 186.652686 96.903647
0.287801 0.387650 0.391565 0.573643 0.156137 0.417017 0.331852 0.319126 -0.308358 -0.300526 -0.585390 -0.359261 -0.008657 -0.209487 0.149774 0.125301 186.432138 96.903809
0.292377 0.389185 0.381362 0.580843 0.154989 0.416564 0.330514 0.317802 -0.306067 -0.298244 -0.592578 -0.356916 -0.008587 -0.208771 0.147655 0.114409 186.396507 96.911536
0.288477 0.388222 0.390177 0.573042 0.154995 0.416580 0.330526 0.316836 -0.305101 -0.297278 -0.590644 -0.358885 -0.008618 -0.209757 0.151573 0.115146 186.378257 96.939734
0.292412 0.388253 0.390209 0.569177 0.155008 0.416614 0.330553 0.317839 -0.306104 -0.298280 -0.592648 -0.356958 -0.008588 -0.208796 0.147673 0.114667 185.837154 96.988642
0.285533 0.384296 0.390164 0.571066 0.155479 0.415588 0.329537 0.317802 -0.307046 -0.299223 -0.594535 -0.357894 -0.008617 -0.209261 0.149123 0.124921 185.627320 97.008230
0.288412 0.383569 0.391417 0.567015 0.155978 0.416923 0.324709 0.318823 -0.307051 -0.301165 -0.592521 -0.358063 -0.013826 -0.209933 0.151564 0.115022 185.279787 97.022256
0.290622 0.380647 0.390432 0.571460 0.155586 0.416852 0.330742 0.318021 -0.307257 -0.299429 -0.594944 -0.358141 -0.008623 -0.209405 0.148247 0.114977 185.060628 97.028137
0.290726 0.380481 0.390237 0.571697 0.155607 0.416578 0.330726 0.318043 -0.307311 -0.299507 -0.595111 -0.358042 -0.008628 -0.209264 0.149266 0.124876 184.959623 97.045763
0.286871 0.384756 0.386694 0.565988 0.154096 0.411892 0.327576 0.314976 -0.304316 -0.297532 -0.600878 -0.351804 -0.033194 -0.204977 0.148281 0.114845 184.570676 97.070066
0.293301 0.384224 0.386179 0.565092 0.153983 0.411598 0.327519 0.314809 -0.304055 -0.298189 -0.600288 -0.351961 -0.033119 -0.204822 0.148117 0.114876 184.308536 97.103603
0.290917 0.381033 0.386910 0.566162 0.154274 0.412378 0.328139 0.315405 -0.304630 -0.297774 -0.601425 -0.352627 -0.033181 -0.205209 0.148397 0.115094 183.934153 97.110500
0.294878 0.380802 0.388614 0.568274 0.154762 0.413024 0.309524 0.307571 -0.288043 -0.326123 -0.579991 -0.351510 -0.033930 -0.207488 0.153786 0.132304 183.348759 97.121610
0.297049 0.383036 0.384991 0.562829 0.153410 0.409419 0.325385 0.312683 -0.302911 -0.295094 -0.607777 -0.349814 -0.032978 -0.202755 0.141684 0.123119 183.036967 97.192482
0.292241 0.391935 0.428098 0.471103 0.209162 0.367500 0.304947 0.296150 -0.349907 -0.255100 -0.600119 -0.397799 -0.011148 -0.213072 0.029566 0.058399 181.687562 97.236074
0.292406 0.392156 0.428340 0.470392 0.207813 0.367707 0.305119 0.296317 -0.350104 -0.255244 -0.600458 -0.398024 -0.011735 -0.207813 0.029583 0.057943 181.529633 97.261296
0.288361 0.391975 0.428142 0.470174 0.207717 0.367538 0.306933 0.294226 -0.350920 -0.256103 -0.602136 -0.396862 -0.010905 -0.208206 0.023704 0.065003 181.146362 97.282917
0.291271 0.389013 0.425178 0.468184 0.205258 0.365555 0.304955 0.292249 -0.347961 -0.221874 -0.623594 -0.404652 -0.040563 -0.189131 0.025902 0.069641 181.065959 97.355314
0.292396 0.393459 0.422895 0.467048 0.206051 0.364023 0.304170 0.291415 -0.348324 -0.269828 -0.596566 -0.391497 -0.042927 -0.152576 0.025572 0.068438 180.662870 97.358460
0.289500 0.392194 0.421535 0.465547 0.205877 0.362853 0.303192 0.290478 -0.346226 -0.281675 -0.594648 -0.388282 -0.042789 -0.151107 0.029525 0.067729 180.661066 97.438974
0.291201 0.391851 0.421166 0.465140 0.205209 0.362535 0.302927 0.290224 -0.346900 -0.281429 -0.594128 -0.389896 -0.042752 -0.151952 0.025468 0.067914 180.614347 97.452441
0.292999 0.389032 0.422349 0.465466 0.203825 0.363554 0.302798 0.290059 -0.346895 -0.296918 -0.591877 -0.375313 -0.042872 -0.152379 0.025539 0.067615 180.367024 97.524448
0.293091 0.388834 0.422051 0.465038 0.203698 0.363433 0.302861 0.290160 -0.346825 -0.296999 -0.592044 -0.375157 -0.044452 -0.155827 0.025462 0.067411 180.286630 97.540224
0.293124 0.388877 0.422098 0.465090 0.203721 0.363473 0.302895 0.290192 -0.346863 -0.297032 -0.592110 -0.375198 -0.042869 -0.158287 0.025526 0.067907 180.278931 97.540884
0.290102 0.388757 0.421967 0.464945 0.203658 0.363361 0.302800 0.290102 -0.346755 -0.298893 -0.591926 -0.375082 -0.042856 -0.158238 0.025518 0.067398 180.030219 97.555636
0.292085 0.387818 0.421032 0.464014 0.203189 0.362419 0.301853 0.289154 -0.345813 -0.296969 -0.597845 -0.372188 -0.042372 -0.158253 0.028024 0.071067 179.974554 97.611239
0.296021 0.386879 0.421072 0.464059 0.203209 0.362454 0.301883 0.288205 -0.343892 -0.296998 -0.597903 -0.372224 -0.042376 -0.158269 0.028027 0.071074 179.923580 97.614526
0.293193 0.387015 0.421221 0.464223 0.203281 0.362582 0.301989 0.288307 -0.344013 -0.297102 -0.598114 -0.372355 -0.042391 -0.158324 0.028037 0.071099 179.879431 97.615883
0.294506 0.385499 0.420723 0.463773 0.203023 0.362017 0.301355 0.288635 -0.345384 -0.296463 -0.594882 -0.380607 -0.041094 -0.157526 0.028007 0.073382 179.568936 97.639703
0.293006 0.386767 0.420951 0.461972 0.202174 0.362350 0.300819 0.288122 -0.343793 -0.295936 -0.593825 -0.383837 -0.042364 -0.157735 0.025699 0.079844 179.369437 97.640238
0.297453 0.383558 0.420740 0.464771 0.203032 0.362032 0.301367 0.288647 -0.345398 -0.296475 -0.594907 -0.380623 -0.041096 -0.157533 0.028009 0.073385 179.201655 97.662949
0.301307 0.383481 0.420656 0.463699 0.202991 0.361959 0.301307 0.288589 -0.345329 -0.296415 -0.594787 -0.380547 -0.041087 -0.157501 0.028003 0.073370 178.913641 97.684441
0.294496 0.384509 0.419731 0.462780 0.202527 0.361027 0.301345 0.288626 -0.344394 -0.296453 -0.594863 -0.384509 -0.042438 -0.157521 0.026233 0.079250 178.859503 97.691327
0.297360 0.332574 0.485167 0.447019 0.207370 0.379526 0.303229 0.297360 -0.369744 -0.223509 -0.616240 -0.400067 -0.043773 -0.170689 0.027816 0.067004 178.515329 97.715945
0.306968 0.332385 0.483914 0.445787 0.207252 0.379310 0.303057 0.297192 -0.369534 -0.223383 -0.615891 -0.401795 -0.044481 -0.155928 0.027434 0.067943 178.357749 97.745157
0.306919 0.332333 0.483838 0.445717 0.207220 0.379251 0.303010 0.297145 -0.369476 -0.223836 -0.615794 -0.401732 -0.044474 -0.155903 0.027491 0.067933 178.331574 97.750294
0.311750 0.331357 0.482330 0.444096 0.204892 0.380374 0.303907 0.298025 -0.370570 -0.224009 -0.617617 -0.400961 -0.043870 -0.172051 0.027879 0.067154 177.972217 97.838563
0.311922 0.331479 0.482062 0.443927 0.204852 0.380369 0.304100 0.298233 -0.370591 -0.223919 -0.617978 -0.400903 -0.043879 -0.172095 0.027868 0.070891 177.820623 97.843998
0.310836 0.330385 0.481893 0.443772 0.208690 0.377304 0.302038 0.296174 -0.367529 -0.268804 -0.586482 -0.397831 -0.043742 -0.170569 0.027736 0.066712 177.571318 97.879805
0.295536 0.330765 0.482448 0.443304 0.204527 0.379695 0.301408 0.297493 -0.380674 -0.250521 -0.602815 -0.410032 -0.015260 -0.158043 0.025688 0.069236 177.345087 97.942228
0.310976 0.330534 0.481133 0.442994 0.204384 0.379430 0.307065 0.297285 -0.380408 -0.250346 -0.606306 -0.388231 -0.044373 -0.171624 0.025609 0.067231 177.273586 97.959111
0.299819 0.329117 0.480491 0.442404 0.207529 0.375018 0.300795 0.298842 -0.381854 -0.251965 -0.609404 -0.389667 -0.044436 -0.155769 0.025453 0.067874 177.042136 98.015453
0.307538 0.328040 0.480345 0.442268 0.207466 0.374903 0.300703 0.296798 -0.379785 -0.280201 -0.591644 -0.383690 -0.042347 -0.157674 0.025628 0.069074 176.494803 98.068776
0.308019 0.326423 0.480432 0.442656 0.205830 0.375822 0.301239 0.295427 -0.366136 -0.267337 -0.625724 -0.355481 -0.042861 -0.166602 0.030814 0.069014 176.243392 98.151044
0.309878 0.329428 0.478991 0.440867 0.203327 0.378305 0.305968 0.296192 -0.363642 -0.264911 -0.629531 -0.353867 -0.042645 -0.171068 0.030914 0.072826 175.529122 98.156885
0.305144 0.325617 0.478676 0.441630 0.205216 0.374362 0.300269 0.294420 -0.364613 -0.266148 -0.631735 -0.354864 -0.042774 -0.166220 0.030892 0.072874 175.522068 98.243576
0.293490 0.329688 0.484259 0.417735 0.213270 0.370776 0.319905 0.307187 -0.352188 -0.279794 -0.631983 -0.356102 -0.043290 -0.168268 0.031183 0.065302 175.262919 98.271903
0.293484 0.329680 0.483270 0.416747 0.212776 0.370768 0.319897 0.307180 -0.351202 -0.279788 -0.631969 -0.359029 -0.043289 -0.168264 0.026414 0.069702 175.167741 98.292405
0.293710 0.329934 0.482663 0.416089 0.212450 0.371053 0.320144 0.307416 -0.351473 -0.280003 -0.632455 -0.359305 -0.043322 -0.168394 0.031145 0.069756 175.063383 98.299453
0.300364 0.329716 0.482344 0.411901 0.210842 0.370808 0.319932 0.307213 -0.353197 -0.279818 -0.633994 -0.359068 -0.044517 -0.168282 0.031125 0.069710 174.614719 98.376158
0.302072 0.329445 0.479992 0.410584 0.211646 0.370503 0.304028 0.297184 -0.345086 -0.280566 -0.635427 -0.359750 -0.043991 -0.207247 0.030794 0.102890 174.119444 98.436264
0.309668 0.329205 0.479643 0.410285 0.211492 0.366326 0.303807 0.296968 -0.344835 -0.280362 -0.634965 -0.359488 -0.043959 -0.207096 0.029306 0.102816 173.854473 98.495484
0.306110 0.327626 0.480192 0.412711 0.209778 0.366746 0.300242 0.293396 -0.347186 -0.281661 -0.635692 -0.355010 -0.043398 -0.229827 0.060513 0.100488 173.701067 98.533024
0.317211 0.328923 0.479233 0.409934 0.211311 0.366013 0.303547 0.296714 -0.344540 -0.280122 -0.634422 -0.359181 -0.043556 -0.206919 0.029281 0.102728 173.259568 98.536333
0.305880 0.327379 0.477876 0.408491 0.210598 0.370378 0.300994 0.294153 -0.343015 -0.290244 -0.635214 -0.354742 -0.043366 -0.228677 0.057414 0.111162 172.637405 98.568756
0.304827 0.322414 0.477758 0.412299 0.209569 0.367356 0.300919 0.294080 -0.349770 -0.283333 -0.638965 -0.357586 -0.043721 -0.229109 0.057766 0.110402 172.529656 98.657509
0.302029 0.322555 0.523908 0.318645 0.305939 0.289322 0.335262 0.310826 -0.388044 -0.278570 -0.629471 -0.370450 -0.010905 -0.210150 0.026208 0.099210 171.980259 98.681592
0.298237 0.318772 0.520204 0.317794 0.308016 0.290415 0.338328 0.313883 -0.391131 -0.279659 -0.635588 -0.370597 -0.011306 -0.205833 0.025485 0.100227 171.669644 98.753315
0.297987 0.327394 0.511676 0.312691 0.297007 0.289165 0.327394 0.303869 -0.386207 -0.284264 -0.639104 -0.361702 -0.040189 -0.211728 0.028917 0.136251 170.863333 98.789465
0.303992 0.318654 0.516102 0.313767 0.301060 0.285420 0.330384 0.305947 -0.382189 -0.287375 -0.639263 -0.357753 -0.043742 -0.203313 0.014662 0.133913 170.715726 98.874567
0.300865 0.315566 0.517449 0.312625 0.299885 0.286165 0.331246 0.306745 -0.383187 -0.288125 -0.640931 -0.358686 -0.043856 -0.203844 0.028482 0.134262 169.970260 98.927972
0.294696 0.331655 0.517420 0.285943 0.266491 0.313175 0.282052 0.275244 -0.376394 -0.324846 -0.624405 -0.324846 -0.148807 -0.151238 0.025531 0.000062 169.448519 98.952235
0.294455 0.331628 0.516518 0.285650 0.266085 0.313041 0.281737 0.274890 -0.379563 -0.325759 -0.624126 -0.323802 -0.153097 -0.142336 0.022011 0.000000 169.250128 98.971333
0.294416 0.329629 0.520364 0.283657 0.266051 0.313979 0.278766 0.271919 -0.376579 -0.326694 -0.624045 -0.323760 -0.148675 -0.151121 0.025248 0.008497 169.186140 98.988013
0.294730 0.329980 0.517001 0.285917 0.266334 0.313334 0.282001 0.275146 -0.379917 -0.326063 -0.624710 -0.323126 -0.153240 -0.142469 0.022031 0.000000 169.060556 98.997828
0.294393 0.330580 0.518366 0.281678 0.266029 0.312975 0.279722 0.272875 -0.378505 -0.327646 -0.623995 -0.323734 -0.153554 -0.151597 0.028180 0.008497 169.031732 99.020807
0.295323 0.329550 0.518283 0.281633 0.265987 0.312925 0.279677 0.272832 -0.378444 -0.327594 -0.623895 -0.326616 -0.149617 -0.151573 0.028176 0.008495 168.860113 99.048775
0.294604 0.328860 0.518738 0.281880 0.266220 0.313200 0.279923 0.273072 -0.378777 -0.327882 -0.624443 -0.323967 -0.153175 -0.151706 0.028200 0.008503 168.781655 99.054152
0.294478 0.328719 0.518516 0.281759 0.266106 0.313066 0.279803 0.272954 -0.378614 -0.327741 -0.624175 -0.326763 -0.149685 -0.151641 0.028188 0.008499 168.712128 99.067065
0.294797 0.328962 0.517359 0.281131 0.267465 0.313344 0.279179 0.271370 -0.378746 -0.326034 -0.626688 -0.327010 -0.148375 -0.150815 0.027271 0.010707 168.468931 99.075256
0.297831 0.328202 0.517285 0.281176 0.265500 0.312526 0.279216 0.272358 -0.380126 -0.325262 -0.628971 -0.326242 -0.143037 -0.155283 0.028595 0.008940 168.402380 99.114740
0.297273 0.328565 0.516316 0.280649 0.265003 0.312919 0.278693 0.271848 -0.380392 -0.325631 -0.629749 -0.326609 -0.142769 -0.154015 0.024875 0.012773 168.212494 99.130323
0.295376 0.328630 0.524243 0.257231 0.289508 0.293420 0.287551 0.276793 -0.386336 -0.326674 -0.627918 -0.326674 -0.149644 -0.152089 0.028181 0.008497 168.112247 99.146225
0.298482 0.329798 0.524546 0.251508 0.289674 0.292610 0.287717 0.277931 -0.382644 -0.328820 -0.628280 -0.327841 -0.149730 -0.143369 0.028380 0.008318 167.812516 99.176205
0.294323 0.327568 0.518242 0.263032 0.298234 0.280633 0.309968 0.288456 -0.401882 -0.288456 -0.633625 -0.409705 -0.010450 -0.231253 0.029946 -0.000001 167.623379 99.199213
0.294277 0.327517 0.518161 0.262991 0.298187 0.280589 0.309919 0.288411 -0.401819 -0.288411 -0.633526 -0.409641 -0.011854 -0.231217 0.029941 -0.000001 167.585311 99.202297
0.293851 0.327043 0.517412 0.262611 0.297756 0.280183 0.309471 0.287993 -0.401238 -0.287993 -0.636514 -0.409048 -0.010434 -0.230883 0.029898 -0.000000 167.295712 99.246359
0.295632 0.325978 0.514909 0.262349 0.293674 0.285843 0.316189 0.294653 -0.365135 -0.306400 -0.667619 -0.316189 -0.143411 -0.139985 -0.003227 0.000000 166.285845 99.257648
0.297512 0.324914 0.514774 0.260323 0.296533 0.280875 0.321000 0.294576 -0.377762 -0.288704 -0.655700 -0.371890 -0.079027 -0.206007 0.010398 0.008380 166.128753 99.279514
0.299622 0.326059 0.513078 0.261435 0.292768 0.285914 0.308434 0.295705 -0.370121 -0.305497 -0.659952 -0.323122 -0.156176 -0.146384 0.003251 0.012729 166.056431 99.284028
0.298962 0.325341 0.513903 0.261836 0.293100 0.285284 0.308732 0.294077 -0.364421 -0.305801 -0.666315 -0.319479 -0.147039 -0.139711 -0.003221 0.013586 166.010239 99.306328
0.299618 0.326055 0.513071 0.261431 0.292764 0.285910 0.308430 0.295701 -0.371095 -0.305493 -0.659943 -0.323117 -0.156173 -0.144913 0.021786 0.000097 165.952638 99.310033
0.294293 0.326558 0.512325 0.261051 0.292338 0.285494 0.307981 0.295271 -0.370555 -0.306026 -0.666804 -0.319714 -0.147147 -0.139814 -0.003254 0.012741 165.858223 99.339860
0.297122 0.326443 0.512144 0.260959 0.292235 0.285393 0.307873 0.295167 -0.370425 -0.305918 -0.666569 -0.319601 -0.147095 -0.139764 -0.003253 0.012736 165.814643 99.341507
0.299105 0.325497 0.512193 0.260984 0.292263 0.285421 0.307903 0.295195 -0.370461 -0.305948 -0.666633 -0.319632 -0.147109 -0.139778 -0.003253 0.012738 165.598398 99.360451
0.296772 0.324197 0.513230 0.260533 0.296772 0.281101 0.318320 0.298731 -0.381005 -0.287957 -0.683654 -0.328115 -0.091578 -0.206663 0.029383 0.000000 165.412890 99.420954
0.297091 0.324454 0.514045 0.259954 0.296113 0.280477 0.320545 0.294159 -0.381136 -0.287318 -0.684090 -0.327386 -0.091619 -0.206693 0.029379 0.000000 165.368409 99.424646
0.297091 0.324454 0.514045 0.259954 0.296113 0.280477 0.320545 0.293182 -0.381136 -0.287318 -0.684090 -0.327386 -0.091619 -0.206693 0.029379 0.000000 165.337343 99.427156
0.296088 0.323449 0.512047 0.258955 0.295111 0.279476 0.321495 0.293157 -0.377195 -0.303906 -0.650808 -0.368400 -0.082084 -0.204232 0.025285 0.008153 165.323030 99.441609
0.292711 0.324038 0.512978 0.260405 0.296627 0.280963 0.318164 0.298585 -0.381797 -0.287816 -0.685276 -0.327954 -0.091778 -0.207051 0.029430 0.000001 165.220524 99.448536
0.297634 0.321131 0.514985 0.260430 0.296655 0.280990 0.321131 0.294697 -0.381833 -0.287843 -0.685341 -0.327985 -0.079304 -0.240359 0.031024 0.008597 164.992908 99.467086
0.297479 0.320964 0.514717 0.260294 0.296500 0.280844 0.320964 0.294543 -0.381634 -0.287693 -0.684984 -0.327814 -0.091739 -0.206963 0.023179 0.008562 164.791455 99.482112
0.296097 0.323550 0.511797 0.258840 0.294136 0.282371 0.319628 0.300019 -0.384338 -0.290215 -0.686318 -0.330413 -0.079907 -0.206386 0.023408 0.008119 164.774699 99.507369
0.297701 0.322996 0.509789 0.259759 0.288945 0.284081 0.312294 0.290891 -0.365803 -0.303538 -0.671287 -0.325915 -0.149337 -0.151769 0.025295 0.010428 164.469655 99.509208
0.298394 0.327745 0.504825 0.254369 0.300351 0.269044 0.316983 0.294481 -0.370792 -0.307200 -0.675056 -0.318940 -0.144795 -0.151643 0.028127 0.010701 164.165560 99.527970
0.297781 0.323166 0.513551 0.247500 0.295829 0.284113 0.321213 0.301687 -0.383698 -0.290947 -0.689290 -0.330976 -0.084209 -0.208935 0.023188 0.008573 164.132021 99.566515
0.297722 0.323186 0.513180 0.247776 0.295764 0.284012 0.321227 0.301640 -0.383905 -0.290867 -0.689463 -0.331020 -0.084224 -0.209091 0.023198 0.008569 164.076143 99.571244
0.297404 0.322840 0.512631 0.248000 0.295448 0.283708 0.320884 0.301318 -0.384473 -0.290556 -0.690683 -0.330667 -0.084134 -0.209357 0.023235 0.008560 163.845786 99.598909
0.296404 0.322816 0.510636 0.248470 0.294447 0.282708 0.319881 0.300316 -0.392270 -0.284665 -0.696499 -0.330642 -0.082171 -0.204939 0.029225 0.008284 163.593651 99.649208
0.300160 0.314826 0.522103 0.247852 0.296249 0.287450 0.321670 0.302116 -0.384244 -0.290383 -0.688315 -0.330469 -0.079440 -0.208743 0.023160 0.008555 162.695981 99.650227
0.297320 0.323727 0.508573 0.233259 0.293408 0.283627 0.316880 0.295364 -0.406859 -0.281671 -0.713959 -0.317858 -0.074574 -0.233748 0.055258 0.034475 162.382875 99.746181
0.296570 0.322997 0.508966 0.232950 0.294613 0.280910 0.317125 0.289719 -0.406194 -0.284825 -0.712552 -0.317125 -0.074387 -0.231971 0.051264 0.038172 162.281101 99.781343
0.298450 0.322913 0.508832 0.232889 0.294536 0.280836 0.317042 0.292579 -0.406087 -0.284750 -0.712365 -0.317042 -0.074368 -0.231910 0.051250 0.033637 162.221647 99.788350
0.298392 0.322850 0.508734 0.232843 0.294479 0.280782 0.316980 0.292522 -0.406009 -0.284695 -0.712227 -0.316980 -0.076310 -0.231865 0.051240 0.033630 162.162644 99.790243
0.296909 0.323279 0.507871 0.232937 0.293002 0.283236 0.316442 0.294956 -0.406296 -0.285189 -0.712972 -0.317419 -0.074471 -0.233425 0.058478 0.033329 162.154664 99.791164
0.296611 0.324021 0.509036 0.224172 0.294653 0.284864 0.313253 0.295632 -0.408208 -0.285843 -0.714608 -0.318147 -0.074642 -0.234450 0.058735 0.034507 162.142310 99.817953
0.297278 0.323681 0.508502 0.224426 0.294345 0.284566 0.312925 0.295323 -0.408758 -0.285544 -0.713859 -0.317814 -0.087277 -0.203890 0.027809 0.034471 161.973681 99.824767
0.299350 0.323807 0.508700 0.224513 0.294459 0.284676 0.313046 0.295437 -0.408917 -0.285655 -0.714137 -0.317938 -0.074593 -0.234785 0.058696 0.033995 161.913591 99.833900
0.296693 0.323044 0.507501 0.223984 0.293765 0.284005 0.310356 0.292789 -0.408929 -0.284981 -0.716357 -0.318164 -0.087105 -0.203488 0.027754 0.034525 161.568230 99.877716
0.296557 0.320944 0.507268 0.231685 0.290704 0.283875 0.310214 0.292655 -0.408741 -0.284850 -0.716028 -0.318018 -0.074383 -0.237050 0.058409 0.033289 161.299956 99.933019
0.297034 0.321462 0.508085 0.224730 0.294103 0.284332 0.310714 0.293126 -0.409399 -0.285309 -0.717182 -0.318530 -0.074503 -0.237432 0.058503 0.033343 161.157575 99.939521
0.297990 0.321438 0.508048 0.224713 0.294082 0.284311 0.310691 0.293105 -0.409369 -0.285288 -0.717129 -0.318507 -0.074497 -0.234972 0.058987 0.033341 161.137827 99.941502
0.297973 0.321420 0.508019 0.224701 0.294065 0.284295 0.310673 0.293088 -0.409346 -0.285272 -0.717088 -0.318489 -0.074493 -0.237401 0.058495 0.033339 161.094878 99.942796
0.298486 0.319038 0.508894 0.225088 0.294571 0.284785 0.311208 0.293593 -0.410051 -0.285764 -0.716366 -0.319038 -0.074622 -0.243193 0.058963 0.034497 159.695988 100.009335
0.297273 0.318858 0.502324 0.231049 0.292368 0.278633 0.313952 0.294330 -0.395384 -0.311990 -0.682846 -0.348291 -0.088544 -0.200145 0.058498 0.034216 158.768146 100.031798
0.297457 0.317026 0.506850 0.224071 0.296478 0.275930 0.315069 0.287672 -0.398240 -0.317026 -0.679062 -0.348337 -0.084638 -0.199609 0.058342 0.034247 158.423733 100.109484
0.299215 0.315893 0.504251 0.229562 0.293329 0.279594 0.310987 0.294310 -0.395356 -0.316874 -0.678875 -0.349248 -0.087557 -0.201112 0.058371 0.034336 157.819199 100.119402
0.298723 0.316352 0.503421 0.228694 0.293826 0.276196 0.315373 0.287949 -0.398624 -0.317332 -0.679717 -0.348673 -0.084720 -0.199801 0.058643 0.034280 157.698388 100.165846
0.298323 0.315929 0.502748 0.228877 0.292454 0.274849 0.309082 0.287564 -0.399068 -0.316907 -0.680764 -0.348207 -0.087296 -0.202468 0.027632 0.056486 157.238044 100.182888
0.297955 0.315539 0.502128 0.228595 0.292094 0.274510 0.311632 0.288186 -0.398576 -0.319447 -0.679924 -0.347777 -0.087189 -0.210034 0.026010 0.062155 156.291717 100.212761
0.297365 0.315950 0.500825 0.229871 0.291496 0.273889 0.312037 0.288561 -0.399095 -0.319863 -0.680809 -0.346273 -0.087302 -0.210307 0.026044 0.062359 155.978344 100.232497
0.297789 0.314442 0.501540 0.232648 0.291912 0.275259 0.312483 0.287994 -0.400644 -0.317381 -0.679822 -0.348727 -0.087427 -0.202771 0.027673 0.056203 155.029941 100.268307
0.297468 0.315082 0.500999 0.229951 0.291597 0.273984 0.312146 0.288662 -0.399234 -0.319974 -0.681046 -0.346394 -0.087332 -0.210381 0.026053 0.062258 154.918464 100.282824
0.297627 0.314270 0.501266 0.231052 0.291752 0.275109 0.304480 0.288815 -0.401404 -0.317207 -0.681408 -0.348536 -0.087379 -0.203639 0.027780 0.060333 154.661018 100.295709
0.297509 0.314146 0.501068 0.231940 0.291637 0.275000 0.304360 0.287723 -0.402225 -0.317082 -0.681139 -0.348399 -0.087344 -0.204048 0.027830 0.062511 154.644104 100.300245
0.297509 0.314091 0.501376 0.229716 0.292632 0.275074 0.309214 0.287755 -0.398955 -0.317018 -0.684758 -0.346281 -0.086814 -0.201428 0.027495 0.060843 154.299470 100.313053
0.301763 0.314459 0.501962 0.229496 0.291021 0.274419 0.311529 0.288091 -0.398445 -0.319342 -0.679700 -0.347663 -0.087160 -0.209965 0.026001 0.062135 153.639033 100.320975
0.312074 0.325770 0.471535 0.239681 0.283704 0.269029 0.313052 0.295443 -0.395229 -0.311096 -0.706324 -0.353162 -0.044757 -0.230876 0.021767 0.068969 152.655435 100.373706
0.312919 0.324654 0.471334 0.232245 0.284561 0.269893 0.318786 0.294339 -0.395060 -0.311941 -0.711891 -0.346167 -0.064540 -0.208287 0.023713 0.065517 152.126603 100.379166
0.306196 0.323805 0.472500 0.240163 0.283696 0.269022 0.317935 0.293478 -0.394239 -0.311087 -0.708261 -0.354131 -0.044878 -0.233315 0.029409 0.067989 151.037286 100.473524
0.306191 0.323800 0.471515 0.239670 0.283691 0.269018 0.317930 0.293474 -0.394233 -0.311082 -0.710207 -0.353147 -0.044755 -0.232823 0.021949 0.073124 150.661393 100.485727
0.293109 0.329259 0.457249 0.233021 0.296040 0.249142 0.336098 0.312649 -0.398628 -0.315580 -0.719093 -0.355638 -0.045065 -0.234487 0.026013 0.073277 149.400913 100.573261
0.306114 0.323718 0.460639 0.249390 0.280686 0.266994 0.325674 0.301224 -0.395113 -0.312960 -0.713941 -0.353058 -0.044744 -0.232275 0.021944 0.072617 149.185787 100.574443
0.306114 0.323718 0.460639 0.249390 0.280686 0.266994 0.325674 0.301224 -0.395112 -0.312960 -0.713941 -0.353058 -0.044744 -0.232275 0.021944 0.070661 149.179769 100.585332
0.306220 0.323830 0.460798 0.247520 0.296437 0.243117 0.325787 0.301329 -0.395249 -0.313069 -0.712231 -0.353181 -0.044514 -0.232356 0.029962 0.067995 149.158439 100.630085
0.305997 0.323595 0.460462 0.247340 0.296221 0.242940 0.325550 0.301109 -0.394961 -0.312841 -0.713668 -0.352923 -0.044482 -0.229254 0.030795 0.068923 149.077511 100.634056
0.305976 0.323572 0.460430 0.247323 0.296200 0.242923 0.325527 0.301088 -0.394934 -0.312819 -0.713618 -0.352899 -0.044479 -0.232170 0.029938 0.067940 148.979885 100.639554
0.305127 0.322731 0.460625 0.247427 0.296325 0.243026 0.325665 0.301215 -0.395101 -0.312951 -0.713920 -0.353048 -0.044498 -0.233735 0.021882 0.067969 148.364973 100.646113
0.296445 0.323840 0.461789 0.248016 0.296445 0.243613 0.325796 0.298402 -0.395260 -0.313078 -0.714208 -0.353191 -0.044516 -0.229916 0.031002 0.072888 147.617626 100.695369
0.295214 0.357003 0.395253 0.258925 0.246175 0.259906 0.279522 0.268733 -0.392311 -0.322676 -0.759122 -0.317772 -0.088025 -0.272656 0.043645 0.000073 147.573808 100.697373
0.294429 0.355076 0.398116 0.259215 0.247477 0.263128 0.278779 0.268019 -0.391268 -0.324753 -0.757104 -0.316927 -0.085835 -0.272910 0.043406 0.000049 147.394429 100.723576
0.294340 0.357902 0.393105 0.260114 0.245446 0.259136 0.278694 0.267937 -0.391149 -0.324654 -0.758830 -0.317809 -0.086053 -0.279672 0.025547 0.000000 147.249412 100.737422
0.292596 0.356204 0.394369 0.260303 0.245624 0.259324 0.278896 0.268131 -0.391433 -0.324889 -0.759380 -0.318039 -0.086115 -0.274003 0.036941 0.000000 147.102838 100.777707
0.294428 0.356052 0.394200 0.260192 0.245519 0.259214 0.278777 0.268017 -0.391266 -0.324751 -0.759056 -0.317903 -0.086078 -0.279755 0.025555 0.000000 146.929396 100.781246
0.294428 0.356052 0.394200 0.260192 0.245519 0.259214 0.278777 0.268017 -0.391266 -0.324751 -0.759056 -0.317903 -0.086078 -0.279755 0.025555 0.000000 146.929396 100.781246
0.289933 0.355560 0.397678 0.259568 0.248794 0.260548 0.280138 0.269363 -0.392781 -0.326175 -0.756177 -0.317359 -0.085951 -0.269363 0.020876 0.000000 146.725451 100.794875
0.287387 0.355813 0.397846 0.259040 0.247798 0.261972 0.279567 0.268815 -0.392958 -0.326488 -0.756591 -0.317690 -0.086021 -0.271747 0.043255 0.000290 146.579721 100.807833
0.298110 0.341117 0.423219 0.224805 0.294201 0.222850 0.316681 0.293223 -0.383145 -0.338184 -0.733058 -0.343071 -0.079415 -0.240443 0.029506 0.008461 146.222720 100.826890
0.299043 0.341066 0.423156 0.224771 0.294157 0.223305 0.318589 0.293180 -0.383088 -0.338134 -0.732950 -0.343020 -0.079403 -0.240407 0.029501 0.000008 146.160433 100.835944
0.293081 0.353651 0.395660 0.264750 0.247165 0.258888 0.278427 0.267681 -0.390775 -0.324343 -0.758103 -0.317505 -0.085970 -0.271589 0.025522 0.000000 145.996885 100.841612
0.298692 0.340665 0.422659 0.224507 0.293812 0.223043 0.318215 0.291859 -0.382638 -0.337737 -0.732089 -0.346522 -0.081506 -0.237685 0.029589 0.000001 145.974717 100.848254
0.296467 0.341327 0.423246 0.223325 0.294517 0.222350 0.315971 0.292566 -0.385212 -0.341327 -0.731415 -0.342302 -0.079237 -0.239904 0.028647 0.000001 145.925340 100.881205
0.298206 0.340248 0.422377 0.224388 0.293317 0.222921 0.316783 0.292340 -0.380335 -0.341226 -0.733293 -0.343181 -0.079440 -0.240520 0.031104 0.000001 145.872408 100.886438
0.298070 0.341070 0.423161 0.224774 0.294160 0.220376 0.313706 0.285365 -0.383093 -0.338138 -0.732958 -0.343024 -0.081358 -0.236990 0.000045 0.000000 145.539655 100.888418
0.297381 0.341401 0.419659 0.223035 0.291511 0.221568 0.313032 0.282707 -0.383464 -0.340422 -0.735626 -0.343357 -0.081926 -0.240643 0.029714 0.000001 145.479266 100.925245
0.298011 0.339889 0.421696 0.223996 0.293142 0.222535 0.317489 0.292168 -0.382740 -0.339889 -0.734316 -0.346706 -0.073285 -0.236169 0.000045 0.000008 145.380171 100.926087
0.297276 0.341280 0.419511 0.223446 0.291409 0.222468 0.311944 0.288475 -0.382351 -0.337369 -0.739278 -0.345192 -0.074074 -0.239092 0.000046 0.000001 145.377731 100.940130
0.297036 0.341150 0.419575 0.223512 0.291154 0.222532 0.311741 0.288213 -0.382323 -0.337229 -0.739158 -0.346052 -0.073769 -0.237727 0.000046 0.000001 145.345646 100.944614
0.297946 0.340929 0.419078 0.222239 0.291108 0.221262 0.312599 0.285247 -0.382934 -0.339952 -0.738516 -0.344836 -0.073998 -0.238845 0.000046 0.000001 145.197057 100.970491
0.297083 0.341059 0.419239 0.221347 0.291220 0.221347 0.312719 0.285356 -0.383081 -0.340082 -0.738799 -0.344968 -0.074027 -0.238937 0.000046 0.000001 145.194830 100.975591
0.296145 0.341104 0.419294 0.221375 0.291258 0.221375 0.312760 0.285394 -0.383131 -0.340127 -0.738896 -0.345013 -0.074036 -0.238968 0.000046 0.000001 145.131838 100.983748
0.296407 0.340428 0.418687 0.222550 0.290538 0.221082 0.312059 0.284668 -0.382492 -0.339450 -0.741507 -0.343363 -0.073613 -0.237223 0.000046 0.000001 144.902527 101.013080
0.296924 0.340877 0.417062 0.221717 0.290087 0.220252 0.304738 0.284227 -0.381900 -0.344784 -0.736451 -0.344784 -0.079603 -0.237833 0.000044 0.000001 144.867552 101.036406
0.296125 0.340103 0.417311 0.221849 0.290261 0.218917 0.302966 0.282442 -0.382128 -0.339126 -0.740800 -0.345967 -0.081605 -0.236509 0.000044 0.000287 144.564313 101.061864
0.295415 0.342213 0.410461 0.221805 0.288590 0.218880 0.311014 0.287615 -0.386087 -0.342213 -0.744874 -0.345138 -0.073610 -0.236917 0.000046 0.000001 144.520689 101.084248
0.295258 0.339254 0.416490 0.221444 0.289392 0.219977 0.305035 0.284504 -0.386182 -0.340232 -0.743034 -0.345120 -0.074059 -0.238064 0.000040 0.000001 144.024657 101.131070
0.295258 0.339254 0.416490 0.221444 0.289392 0.219977 0.305035 0.284504 -0.386182 -0.340232 -0.743035 -0.345120 -0.074059 -0.238064 0.000046 0.000001 144.021969 101.131171
0.295117 0.339092 0.416291 0.221338 0.289254 0.219872 0.304889 0.284368 -0.386975 -0.341046 -0.742679 -0.344955 -0.074024 -0.237950 0.000045 0.000000 143.866589 101.148021
0.297997 0.337079 0.417196 0.222765 0.289204 0.219834 0.304836 0.284319 -0.386908 -0.340987 -0.742550 -0.343918 -0.073767 -0.236932 0.000046 0.000001 143.200813 101.183229
0.298032 0.337118 0.416268 0.221326 0.288261 0.219371 0.303895 0.283375 -0.386953 -0.341027 -0.742638 -0.346890 -0.073775 -0.237449 0.000046 0.000001 143.188641 101.186474
0.297864 0.336928 0.417009 0.221689 0.289074 0.219736 0.304700 0.284191 -0.386735 -0.340834 -0.742218 -0.346694 -0.073245 -0.236338 0.000045 0.000000 143.096956 101.189527
0.297762 0.338765 0.411009 0.221613 0.287999 0.220149 0.312406 0.288975 -0.384650 -0.342670 -0.745869 -0.346575 -0.073708 -0.237233 0.000044 0.000001 142.847390 101.196232
0.295961 0.338939 0.411220 0.221727 0.288147 0.220262 0.312566 0.289124 -0.384847 -0.342846 -0.746252 -0.345777 -0.073746 -0.237355 0.000044 0.000001 142.661210 101.216202
0.298101 0.336219 0.417341 0.222843 0.289304 0.219910 0.304943 0.284418 -0.387042 -0.341106 -0.742809 -0.344038 -0.073792 -0.237015 0.000046 0.000001 142.533909 101.225319
0.297010 0.338044 0.410343 0.221292 0.287240 0.219827 0.311665 0.288217 -0.383964 -0.341952 -0.744479 -0.348791 -0.085244 -0.236924 0.000044 0.000001 142.136977 101.249452
0.299489 0.332765 0.418892 0.221191 0.290680 0.220702 0.317106 0.292638 -0.382680 -0.340595 -0.741870 -0.351361 -0.072670 -0.237340 0.000046 0.000001 141.859171 101.264189
0.299279 0.332532 0.418599 0.222503 0.289498 0.221036 0.315905 0.289498 -0.380456 -0.340356 -0.743307 -0.347202 -0.081666 -0.238641 0.014671 0.000000 141.798763 101.266177
0.297149 0.333316 0.418355 0.220907 0.290307 0.220418 0.314744 0.288352 -0.386099 -0.340158 -0.744828 -0.347000 -0.073799 -0.238013 0.014754 0.000000 141.774717 101.271681
0.298264 0.333468 0.417569 0.221986 0.289462 0.221008 0.314888 0.288484 -0.387254 -0.341292 -0.743214 -0.347159 -0.073343 -0.236655 0.000045 0.000000 141.611926 101.298770
0.298118 0.334402 0.413835 0.223588 0.287331 0.221137 0.313808 0.290273 -0.386377 -0.343228 -0.745295 -0.345189 -0.074039 -0.237808 0.000046 0.000001 141.560822 101.320812
0.295078 0.341001 0.392786 0.255995 0.246712 0.260880 0.294101 0.278467 -0.365428 -0.347840 -0.767984 -0.314619 -0.079876 -0.272605 0.044335 0.000000 141.147521 101.331155
0.297415 0.333614 0.412859 0.223061 0.286654 0.220616 0.313069 0.289589 -0.385466 -0.343397 -0.747451 -0.346332 -0.073131 -0.236269 0.000045 0.000000 141.136034 101.369893
0.300410 0.338573 0.393371 0.254419 0.244144 0.259312 0.292582 0.275947 -0.364015 -0.346401 -0.765214 -0.323895 -0.079995 -0.273011 0.036940 0.000000 140.598543 101.372568
0.295192 0.340155 0.390982 0.255116 0.241432 0.262936 0.294214 0.279552 -0.372411 -0.345042 -0.770235 -0.315718 -0.086016 -0.268800 0.021321 0.000068 140.584486 101.426680
0.294605 0.339479 0.392157 0.251683 0.245342 0.261438 0.295581 0.279972 -0.367769 -0.350209 -0.768705 -0.314115 -0.088040 -0.271193 0.043166 0.000293 140.031866 101.436378
0.297899 0.330131 0.417059 0.221715 0.288132 0.220250 0.312550 0.289109 -0.384827 -0.342828 -0.746213 -0.345758 -0.078626 -0.240761 0.009950 0.000206 139.524048 101.436618
0.297144 0.338197 0.392934 0.257069 0.243873 0.263911 0.294212 0.278573 -0.365566 -0.346017 -0.770229 -0.315716 -0.079906 -0.272708 0.036899 0.000125 139.457783 101.444799
0.297130 0.338181 0.392915 0.257056 0.244350 0.263898 0.294198 0.278559 -0.365548 -0.346000 -0.770192 -0.315700 -0.079903 -0.272695 0.036897 0.000000 139.406902 101.445540
0.299295 0.330594 0.413731 0.225938 0.287558 0.219092 0.303207 0.282667 -0.383410 -0.343309 -0.747259 -0.346243 -0.074090 -0.236697 0.000040 0.000130 139.320696 101.467120
0.301328 0.332533 0.419324 0.228190 0.290601 0.219901 0.313030 0.289626 -0.377391 -0.332533 -0.741130 -0.356913 -0.078501 -0.229653 0.028524 0.000001 139.194856 101.541008
0.299379 0.332643 0.418739 0.221110 0.290574 0.220621 0.316989 0.292530 -0.380583 -0.340470 -0.743556 -0.347319 -0.081693 -0.238231 0.025804 0.000001 138.495189 101.558767
0.298445 0.331715 0.417824 0.222122 0.288660 0.220654 0.315080 0.288660 -0.386511 -0.341500 -0.745624 -0.345414 -0.073633 -0.237289 0.000040 0.000196 138.142679 101.569597
0.299159 0.332399 0.417454 0.221925 0.290360 0.219970 0.318712 0.292315 -0.388124 -0.340220 -0.743009 -0.347063 -0.079678 -0.238056 0.012862 0.000000 137.996609 101.626945
0.297534 0.333747 0.413024 0.222661 0.289704 0.220704 0.317108 0.292640 -0.386598 -0.340598 -0.745792 -0.347449 -0.081969 -0.238810 0.014864 0.000001 137.413442 101.662722
0.296499 0.332705 0.394353 0.260292 0.244146 0.261271 0.296499 0.279863 -0.367932 -0.348361 -0.767178 -0.316069 -0.087580 -0.267142 0.029417 0.000047 137.120671 101.668515
0.297200 0.333372 0.412560 0.222411 0.289379 0.219478 0.311864 0.288401 -0.387142 -0.342171 -0.744955 -0.348037 -0.082121 -0.240986 0.014878 0.000001 137.009794 101.707194
0.297293 0.333476 0.412689 0.222481 0.289469 0.220036 0.315873 0.288491 -0.387263 -0.341300 -0.745187 -0.348145 -0.082147 -0.241061 0.010238 0.000207 136.997284 101.711431
0.297333 0.333521 0.412745 0.223000 0.288530 0.220554 0.312982 0.289508 -0.385359 -0.343302 -0.747244 -0.346236 -0.073844 -0.236692 0.000044 0.000001 136.936394 101.738755
0.297326 0.333514 0.412736 0.222995 0.288524 0.220549 0.312975 0.289502 -0.385350 -0.343294 -0.747227 -0.346228 -0.073843 -0.237665 0.000044 0.000001 136.910043 101.742234
0.306291 0.324884 0.400234 0.224581 0.278891 0.219688 0.318034 0.294548 -0.407084 -0.342498 -0.749582 -0.359134 -0.080976 -0.236813 0.029602 0.000001 136.286152 101.743931
0.295435 0.334565 0.393261 0.259239 0.244565 0.265109 0.295435 0.280761 -0.367826 -0.348261 -0.765000 -0.319891 -0.087310 -0.270000 0.036196 0.000001 135.885058 101.755513
0.305895 0.324463 0.399715 0.224290 0.278530 0.219404 0.318600 0.294167 -0.406557 -0.343032 -0.750566 -0.359646 -0.078673 -0.241393 0.029563 0.000000 135.845885 101.789146
0.305946 0.324518 0.399782 0.224328 0.278577 0.219440 0.317675 0.294216 -0.406624 -0.341134 -0.756556 -0.352864 -0.078930 -0.236546 0.028713 0.000001 135.831368 101.795449
0.305667 0.324282 0.399719 0.224352 0.279215 0.220923 0.314484 0.289992 -0.407556 -0.342896 -0.750452 -0.359551 -0.078621 -0.240517 0.029697 0.000001 135.646041 101.817492
0.307028 0.323650 0.398940 0.224404 0.277694 0.223915 0.317783 0.289427 -0.406763 -0.342228 -0.754858 -0.357873 -0.072357 -0.241515 0.029578 0.000000 135.196944 101.832239
0.303321 0.323868 0.399209 0.224066 0.277881 0.219174 0.317998 0.293536 -0.407037 -0.341481 -0.753410 -0.360071 -0.079989 -0.240700 0.031311 0.000205 135.048326 101.862593
0.305921 0.323514 0.397795 0.223821 0.277577 0.220400 0.320582 0.294193 -0.405614 -0.342084 -0.758450 -0.353813 -0.079901 -0.238482 0.025779 0.000000 134.673730 101.881208
0.310832 0.321584 0.398803 0.224327 0.277598 0.220906 0.318651 0.295192 -0.405645 -0.343088 -0.752643 -0.359705 -0.079174 -0.240455 0.029812 0.000001 134.353955 101.893300
0.310644 0.321423 0.398839 0.224408 0.278306 0.220979 0.318483 0.294965 -0.405699 -0.342982 -0.752601 -0.359641 -0.079866 -0.238618 0.025601 0.000000 134.180224 101.907593
0.299134 0.327483 0.392980 0.252211 0.247323 0.258077 0.316730 0.298157 -0.372451 -0.345080 -0.772274 -0.324551 -0.087981 -0.273718 0.043379 0.000000 133.849948 101.936665
0.309991 0.320748 0.398001 0.223937 0.277721 0.220025 0.317814 0.294345 -0.404846 -0.342261 -0.758842 -0.354974 -0.078720 -0.240072 0.029214 0.000001 133.750678 101.967810
0.304443 0.321085 0.398419 0.224172 0.278012 0.220746 0.321085 0.294654 -0.406250 -0.341642 -0.759639 -0.354368 -0.081250 -0.237877 0.029735 0.000001 133.672017 101.977619
0.309108 0.319868 0.397145 0.232320 0.277806 0.219604 0.317912 0.293457 -0.405949 -0.341388 -0.757119 -0.353127 -0.078989 -0.236722 0.028734 0.000001 133.388979 101.999658
0.303324 0.319958 0.397257 0.234342 0.276905 0.219176 0.318979 0.295496 -0.406063 -0.345398 -0.751461 -0.357139 -0.078766 -0.241681 0.029660 0.000001 132.764529 102.064466
0.303324 0.319958 0.397256 0.234342 0.276905 0.219176 0.318979 0.295496 -0.406062 -0.345398 -0.751460 -0.357139 -0.078766 -0.241681 0.029415 0.000001 132.759644 102.065299
0.303256 0.319886 0.397167 0.234289 0.276843 0.220105 0.318908 0.295430 -0.406950 -0.345320 -0.751291 -0.357059 -0.079482 -0.241626 0.029653 0.000001 132.685867 102.070572
0.308509 0.318272 0.396376 0.233823 0.276292 0.219178 0.316320 0.291912 -0.405163 -0.342680 -0.753700 -0.360253 -0.080056 -0.228941 0.029655 0.000001 132.401185 102.078883
0.308953 0.319708 0.396946 0.234159 0.276689 0.219005 0.318730 0.295265 -0.405745 -0.345128 -0.750873 -0.356860 -0.078705 -0.241492 0.029637 0.000001 132.369219 102.127739
0.310179 0.315072 0.404114 0.225540 0.277889 0.221137 0.318986 0.293545 -0.406071 -0.341491 -0.757346 -0.354211 -0.078768 -0.238261 0.029783 0.000001 131.651547 102.152536
0.309432 0.317266 0.393645 0.272222 0.238439 0.263409 0.307474 0.288869 -0.423022 -0.313349 -0.779456 -0.321183 -0.088619 -0.275160 0.043698 0.000000 130.452313 102.161113
0.309008 0.316831 0.394083 0.271848 0.238601 0.263048 0.306074 0.288472 -0.423419 -0.312919 -0.780342 -0.320742 -0.088497 -0.274782 0.043515 0.000000 130.322374 102.187671
0.308990 0.316813 0.394060 0.271833 0.240054 0.259122 0.306057 0.288456 -0.423395 -0.312901 -0.780298 -0.320724 -0.088492 -0.274767 0.043513 0.000000 130.306181 102.205268
0.307136 0.317965 0.390811 0.281541 0.238720 0.262838 0.307136 0.288432 -0.423296 -0.314027 -0.775715 -0.321902 -0.087366 -0.273666 0.043560 0.000292 129.899757 102.236797
0.314515 0.306677 0.419353 0.221434 0.282182 0.223884 0.321374 0.295899 -0.406616 -0.343909 -0.744646 -0.357626 -0.079853 -0.238581 0.025597 0.000000 129.760420 102.283501
0.304963 0.315714 0.395865 0.264887 0.247293 0.259023 0.305940 0.280526 -0.420301 -0.311805 -0.785865 -0.327444 -0.070132 -0.269775 0.042885 0.000000 129.498482 102.329823
0.313863 0.306040 0.413595 0.215108 0.279641 0.223908 0.322662 0.297240 -0.406750 -0.343195 -0.754834 -0.360795 -0.080177 -0.229286 0.029700 0.000001 129.452708 102.344219
0.313872 0.306050 0.418496 0.220981 0.281605 0.223426 0.320716 0.295294 -0.405785 -0.342228 -0.748990 -0.356895 -0.079690 -0.238093 0.025545 0.000001 129.180712 102.345966
0.320759 0.303156 0.418551 0.221011 0.281642 0.223456 0.320759 0.295333 -0.405838 -0.342273 -0.749090 -0.356942 -0.079701 -0.238124 0.025548 0.000001 128.741867 102.382098
0.320596 0.303003 0.418339 0.220899 0.281499 0.223342 0.320596 0.295183 -0.405632 -0.342100 -0.748710 -0.358716 -0.079660 -0.238004 0.025535 0.000001 128.666667 102.390173
0.320626 0.303031 0.417401 0.219942 0.280548 0.222874 0.320626 0.295211 -0.404693 -0.342132 -0.750734 -0.358749 -0.079668 -0.238026 0.025538 0.000000 128.665546 102.402366
0.320405 0.302822 0.417113 0.219790 0.280354 0.222721 0.320405 0.295007 -0.404414 -0.341896 -0.752171 -0.358502 -0.078636 -0.237862 0.029183 0.000001 128.620805 102.407159
0.329030 0.298673 0.414225 0.225229 0.279088 0.222291 0.319238 0.294756 -0.397578 -0.342740 -0.752069 -0.362325 -0.079565 -0.229146 0.029684 0.000001 128.172277 102.411106
0.320411 0.300874 0.416144 0.232982 0.278406 0.223702 0.321388 0.293059 -0.402468 -0.340925 -0.748278 -0.358509 -0.078882 -0.237378 0.025460 0.000001 128.012895 102.455325
0.320749 0.301191 0.414627 0.235672 0.278700 0.221493 0.318793 0.293368 -0.402892 -0.341285 -0.747110 -0.357909 -0.080676 -0.240562 0.029459 0.000000 127.990519 102.466444
0.320260 0.300672 0.414281 0.235053 0.277167 0.222321 0.318301 0.292837 -0.404487 -0.342786 -0.744335 -0.358456 -0.093776 -0.224280 0.029320 0.000001 127.825213 102.471293
0.317790 0.307982 0.385467 0.275614 0.231477 0.263844 0.320732 0.301116 -0.424701 -0.313867 -0.792513 -0.318771 -0.091217 -0.271691 0.043157 0.000000 127.807790 102.474629
0.317883 0.308102 0.385372 0.275825 0.231810 0.262131 0.320817 0.297343 -0.424496 -0.313971 -0.792262 -0.318861 -0.091208 -0.271912 0.043159 0.000000 127.765214 102.485095
0.319540 0.301951 0.413350 0.236479 0.279475 0.221821 0.320517 0.295110 -0.405533 -0.341038 -0.748525 -0.355696 -0.080618 -0.234036 0.029743 0.000000 127.723634 102.524383
0.319943 0.300375 0.413872 0.234821 0.276893 0.221612 0.317986 0.292548 -0.404087 -0.341469 -0.749470 -0.358102 -0.080720 -0.234332 0.027457 0.000001 127.608141 102.527774
0.320830 0.301268 0.414732 0.234754 0.278770 0.221549 0.318874 0.293442 -0.402994 -0.341371 -0.747300 -0.358000 -0.080697 -0.240623 0.029467 0.000000 127.588162 102.546922
0.318692 0.300174 0.414202 0.234389 0.278733 0.221232 0.318692 0.295302 -0.404456 -0.342082 -0.748487 -0.359625 -0.078455 -0.233902 0.023512 0.000001 127.300025 102.557632
0.327395 0.302963 0.386033 0.274621 0.232597 0.258984 0.315667 0.296121 -0.393851 -0.329350 -0.791612 -0.318599 -0.086980 -0.270712 0.043001 0.000000 126.723816 102.581015
0.318285 0.298758 0.413966 0.234320 0.277279 0.222116 0.328048 0.294853 -0.405179 -0.340740 -0.755682 -0.352456 -0.078839 -0.236273 0.028680 0.000001 126.573925 102.614578
0.318021 0.298450 0.413917 0.234357 0.276923 0.222125 0.327806 0.293558 -0.406088 -0.342484 -0.749551 -0.359119 -0.080973 -0.236803 0.029600 0.000001 126.430453 102.627616
0.317080 0.297567 0.412692 0.234151 0.279030 0.223419 0.320982 0.296592 -0.403911 -0.341471 -0.753187 -0.360008 -0.080002 -0.228298 0.029330 0.000001 126.263776 102.646135
0.320648 0.293276 0.425249 0.231688 0.284477 0.222889 0.321625 0.294253 -0.401787 -0.340200 -0.746875 -0.358774 -0.076740 -0.225822 0.011670 0.000002 125.826802 102.662971
0.312362 0.302721 0.385632 0.276691 0.231861 0.258373 0.315254 0.295973 -0.416483 -0.308506 -0.813684 -0.308506 -0.096167 -0.220774 0.025307 0.000000 125.774201 102.706555
0.320115 0.292788 0.424543 0.231303 0.284005 0.221055 0.317187 0.292788 -0.402096 -0.340610 -0.747586 -0.358178 -0.078809 -0.237158 0.029157 0.000001 125.671719 102.710575
0.328484 0.288401 0.424291 0.233165 0.278625 0.222900 0.321640 0.294267 -0.402784 -0.341193 -0.748865 -0.356835 -0.079677 -0.236586 0.029451 0.000008 124.940482 102.783198
0.328376 0.288307 0.424153 0.233089 0.278533 0.223804 0.322512 0.297102 -0.402652 -0.341081 -0.748620 -0.358673 -0.078918 -0.229668 0.021806 0.000000 124.868613 102.785280
0.328465 0.288385 0.424268 0.233152 0.278609 0.223865 0.321622 0.294250 -0.402761 -0.341174 -0.748823 -0.356815 -0.079672 -0.237551 0.025478 0.000001 124.850999 102.795342
0.328323 0.288259 0.424083 0.233050 0.278488 0.223767 0.321483 0.294122 -0.402586 -0.341026 -0.748497 -0.358614 -0.078905 -0.237448 0.025467 0.000001 124.795177 102.801642
0.327951 0.288793 0.407247 0.261382 0.242292 0.261382 0.323056 0.298582 -0.387668 -0.337741 -0.779251 -0.324035 -0.087862 -0.275087 0.043441 0.000074 124.335233 102.828613
0.327441 0.287366 0.420297 0.239960 0.279546 0.221878 0.320599 0.294208 -0.403681 -0.341125 -0.748715 -0.357741 -0.080638 -0.234096 0.029445 0.000001 124.219620 102.856761
0.329568 0.285561 0.402915 0.278715 0.235196 0.263068 0.315877 0.298274 -0.397047 -0.332502 -0.782358 -0.317833 -0.087282 -0.270892 0.043152 0.000400 123.413818 102.996358
0.370478 0.257766 0.439085 0.215622 0.280308 0.224443 0.323433 0.297950 -0.402821 -0.344015 -0.752716 -0.361657 -0.080368 -0.224443 0.029709 0.000000 123.021684 103.035104
0.369886 0.257355 0.438384 0.215278 0.279861 0.224084 0.322916 0.297475 -0.402178 -0.343466 -0.755429 -0.361079 -0.080240 -0.224084 0.029662 0.000000 123.011492 103.057093
0.369886 0.257355 0.438384 0.215278 0.279861 0.224084 0.322916 0.297475 -0.402178 -0.343466 -0.755429 -0.361079 -0.080240 -0.224084 0.029601 0.000001 123.011168 103.057287
0.369592 0.257150 0.438035 0.215106 0.279638 0.223906 0.322660 0.297238 -0.406747 -0.343192 -0.754828 -0.360792 -0.080176 -0.230262 0.029638 0.000000 122.902716 103.101129
0.358944 0.264277 0.390499 0.279069 0.233708 0.260333 0.313583 0.294847 -0.420082 -0.310624 -0.820443 -0.310624 -0.096885 -0.222861 0.025516 0.000000 122.490172 103.112314
0.370604 0.254240 0.439054 0.223927 0.280642 0.223438 0.324645 0.299221 -0.407762 -0.340291 -0.756854 -0.353981 -0.078228 -0.236150 0.029458 0.000000 122.344728 103.179464
0.356923 0.262070 0.390171 0.269893 0.227355 0.256203 0.310963 0.292384 -0.418529 -0.307052 -0.831191 -0.314875 -0.088497 -0.274782 0.043271 0.013660 122.242018 103.208985
0.369069 0.252881 0.437416 0.223102 0.279243 0.222613 0.322203 0.296818 -0.406172 -0.344660 -0.753761 -0.360282 -0.080063 -0.228960 0.029657 0.000001 122.181252 103.240852
0.355790 0.261956 0.389024 0.277595 0.226768 0.256091 0.310828 0.292256 -0.417370 -0.306918 -0.828875 -0.314738 -0.088215 -0.271730 0.043252 0.000249 121.818471 103.291310
0.371636 0.251344 0.410756 0.277749 0.238630 0.265035 0.323715 0.304155 -0.405866 -0.330561 -0.786304 -0.321759 -0.087775 -0.272859 0.036919 0.000000 121.217933 103.303655
0.364202 0.246228 0.405322 0.271194 0.227137 0.262382 0.319167 0.299586 -0.422945 -0.309376 -0.824350 -0.313292 -0.086645 -0.273152 0.037203 0.020315 121.105545 103.432251
0.364602 0.245838 0.404679 0.292268 0.226777 0.260989 0.317683 0.298133 -0.418364 -0.308886 -0.817179 -0.308886 -0.096038 -0.221889 0.025415 0.000000 120.964991 103.477834
