0.360856 0.374547 0.594581 0.419532 0.335430 0.359878 0.309026 0.298269 -0.394106 -0.444958 -0.155002 -0.856666 -0.078968 -0.231280 -0.009107 0.052075 179.661384 83.538247
0.360742 0.374429 0.582662 0.419399 0.335324 0.355854 0.306973 0.303062 -0.394959 -0.365630 -0.183304 -0.942426 -0.000063 -0.230230 -0.011029 0.061101 179.244605 84.109120
0.358792 0.370555 0.586222 0.412708 0.330363 0.354870 0.304875 0.299973 -0.398004 -0.419571 -0.182337 -0.907763 -0.001325 -0.210275 -0.016236 0.048403 178.566972 84.515042
0.369055 0.372960 0.585801 0.412013 0.330001 0.354409 0.304616 0.299735 -0.395416 -0.418848 -0.182086 -0.906039 -0.001323 -0.209912 -0.016232 0.048329 178.389796 84.551875
0.361706 0.370504 0.584595 0.411563 0.329446 0.353885 0.304028 0.292297 -0.394944 -0.418406 -0.183297 -0.911107 -0.001333 -0.215557 -0.000000 0.051079 178.302176 84.625263
0.368214 0.370168 0.586018 0.405329 0.333053 0.350634 0.308636 0.298869 -0.394585 -0.418026 -0.183131 -0.914187 -0.000068 -0.212431 -0.008912 0.051277 178.182875 84.708606
0.366270 0.372131 0.582126 0.402409 0.327202 0.348689 0.307667 0.301807 -0.399479 -0.419990 -0.184600 -0.918118 -0.001290 -0.212925 -0.018008 0.066661 177.809062 84.962328
0.366425 0.370334 0.582372 0.407465 0.315614 0.355677 0.307797 0.299003 -0.399648 -0.420168 -0.184678 -0.918506 -0.001130 -0.213015 -0.023512 0.068644 177.689991 85.022947
0.362775 0.372553 0.582786 0.403843 0.315839 0.355930 0.307038 0.299216 -0.401888 -0.420467 -0.184810 -0.919159 -0.001383 -0.215122 -0.018029 0.067226 177.536978 85.024368
0.366254 0.373091 0.584053 0.403368 0.315467 0.355511 0.306677 0.298863 -0.401415 -0.419971 -0.184592 -0.918077 -0.001290 -0.212916 -0.016420 0.067147 177.516403 85.058289
0.361143 0.373866 0.563735 0.405184 0.323952 0.343526 0.305356 0.300463 -0.396376 -0.421822 -0.206996 -0.918026 -0.000078 -0.169316 -0.018106 0.058967 177.254909 85.373950
0.362122 0.373866 0.563736 0.405185 0.323952 0.343526 0.305357 0.299485 -0.395398 -0.421823 -0.206997 -0.918028 -0.000070 -0.169316 -0.018106 0.059946 177.253849 85.380389
0.360170 0.371851 0.560697 0.403001 0.322206 0.341675 0.303711 0.295923 -0.390346 -0.435124 -0.207341 -0.918920 -0.000077 -0.151855 -0.017826 0.058406 177.050115 85.557580
0.359933 0.371638 0.559896 0.403827 0.312137 0.344326 0.305309 0.292629 -0.392122 -0.437967 -0.207279 -0.920805 -0.000077 -0.152167 -0.016338 0.057916 176.766727 85.672484
0.361622 0.374327 0.559048 0.401693 0.310799 0.345984 0.302003 0.298094 -0.392897 -0.437856 -0.204756 -0.922624 -0.000077 -0.167617 -0.018020 0.071347 176.644981 85.704906
0.361352 0.374048 0.558630 0.401393 0.310567 0.345726 0.301777 0.297871 -0.392604 -0.440458 -0.204603 -0.923888 -0.000077 -0.152842 -0.016481 0.061405 176.630781 85.705693
0.360680 0.371432 0.559102 0.401733 0.311807 0.345040 0.301055 0.295190 -0.394891 -0.436921 -0.208197 -0.922715 -0.000079 -0.152482 -0.031095 0.066467 176.541667 85.717132
0.360738 0.373447 0.584610 0.403752 0.315768 0.355850 0.313812 0.305014 -0.433081 -0.223872 -0.508357 -0.658908 -0.027129 -0.232182 -0.000006 0.044726 176.206585 86.038503
0.366902 0.373751 0.567476 0.400168 0.327766 0.343421 0.297436 0.294500 -0.399190 -0.276889 -0.497030 -0.665316 -0.019507 -0.157034 -0.000000 0.033510 176.096099 86.404606
0.366901 0.373750 0.567474 0.400167 0.327765 0.343419 0.298413 0.294499 -0.399188 -0.276888 -0.497029 -0.665314 -0.019507 -0.157034 -0.000000 0.036812 176.088404 86.440868
0.362887 0.371690 0.559491 0.406903 0.313002 0.346259 0.305177 0.296374 -0.406903 -0.269964 -0.484175 -0.706211 -0.003255 -0.167261 -0.009812 0.047806 175.908997 86.568571
0.362887 0.371690 0.559492 0.406903 0.313002 0.346259 0.305177 0.296374 -0.406903 -0.269964 -0.484175 -0.706211 -0.003255 -0.167261 -0.009812 0.048662 175.903923 86.576021
0.362771 0.371571 0.559312 0.406773 0.312902 0.346148 0.305080 0.296279 -0.406773 -0.269878 -0.484020 -0.707941 -0.001333 -0.167696 -0.009809 0.048646 175.858720 86.583626
0.358727 0.372412 0.559106 0.401735 0.311809 0.344065 0.304967 0.295192 -0.416397 -0.275643 -0.481887 -0.707680 -0.003261 -0.167634 -0.009836 0.048384 175.495308 86.670401
0.361147 0.371913 0.557870 0.401275 0.312211 0.344509 0.311233 0.297531 -0.417913 -0.275020 -0.501104 -0.669444 -0.037314 -0.158552 -0.009879 0.047835 175.266951 86.730629
0.361376 0.372148 0.558222 0.400549 0.309471 0.345706 0.306533 0.297719 -0.418177 -0.275194 -0.501421 -0.669867 -0.037337 -0.158653 -0.009855 0.051170 175.215914 86.785145
0.360918 0.374611 0.563384 0.404932 0.321794 0.343312 0.304188 0.295385 -0.417647 -0.241590 -0.624026 -0.520348 -0.019990 -0.214692 -0.009017 0.038268 175.052523 86.838132
0.360918 0.374611 0.563384 0.404932 0.321794 0.343312 0.304188 0.295385 -0.417647 -0.241590 -0.624026 -0.520348 -0.019990 -0.214692 -0.009017 0.038635 175.050481 86.842041
0.361139 0.374841 0.563729 0.406159 0.314162 0.346459 0.307311 0.294588 -0.419861 -0.240759 -0.624408 -0.520667 -0.019819 -0.215803 -0.008992 0.038781 174.939687 86.922693
0.361842 0.374555 0.563300 0.405850 0.313922 0.346195 0.307077 0.294363 -0.419541 -0.241065 -0.623933 -0.520270 -0.020415 -0.232752 -0.000038 0.042541 174.860670 86.957865
0.363765 0.372590 0.560845 0.407887 0.313760 0.347097 0.306896 0.297091 -0.420634 -0.241693 -0.625558 -0.521625 -0.019855 -0.216200 -0.009008 0.038852 174.830716 86.963197
0.363645 0.372443 0.561108 0.407634 0.313790 0.347027 0.306947 0.297172 -0.420342 -0.241452 -0.625625 -0.522006 -0.019856 -0.216036 -0.009012 0.038857 174.826269 86.965456
0.365613 0.374411 0.563084 0.405694 0.313802 0.346062 0.306959 0.294250 -0.419380 -0.240972 -0.623693 -0.520070 -0.020407 -0.232663 -0.000038 0.042647 174.789966 86.976909
0.369809 0.373723 0.561562 0.404051 0.314044 0.347308 0.305239 0.300348 -0.422639 -0.236756 -0.622219 -0.528299 -0.020423 -0.233332 -0.000043 0.050139 174.637665 87.083294
0.370261 0.374169 0.560765 0.403477 0.313599 0.346815 0.304806 0.299921 -0.422039 -0.243747 -0.625243 -0.519734 -0.019966 -0.216393 -0.008029 0.047137 174.475965 87.161320
0.369923 0.373838 0.559778 0.403197 0.313162 0.345457 0.305333 0.299461 -0.421791 -0.236829 -0.632196 -0.518675 -0.019511 -0.231447 -0.011071 0.059452 174.385304 87.223089
0.370866 0.373802 0.559724 0.403158 0.313132 0.345424 0.305304 0.299433 -0.421750 -0.236806 -0.632136 -0.518625 -0.019510 -0.231424 -0.011070 0.059446 174.358381 87.229527
0.370813 0.373748 0.559644 0.403100 0.313088 0.345375 0.305260 0.299390 -0.421690 -0.237262 -0.632046 -0.518551 -0.019507 -0.231391 -0.011068 0.061272 174.341585 87.252439
0.369596 0.373507 0.559283 0.402840 0.312886 0.345152 0.305063 0.299197 -0.421418 -0.237109 -0.631638 -0.518217 -0.025728 -0.234175 0.000116 0.058544 174.330368 87.256697
0.370625 0.373559 0.559360 0.402896 0.312929 0.345200 0.305106 0.299238 -0.421476 -0.236652 -0.637592 -0.512421 -0.019619 -0.231274 -0.011063 0.059408 174.229672 87.271716
0.367963 0.373835 0.557816 0.402215 0.312181 0.344476 0.304352 0.298481 -0.422766 -0.247592 -0.628277 -0.518671 -0.019572 -0.215787 -0.008991 0.051745 174.059137 87.304574
0.368712 0.373629 0.562409 0.407059 0.277272 0.371662 0.305786 0.296936 -0.424757 -0.237942 -0.625336 -0.530946 -0.020525 -0.234501 -0.000071 0.052111 173.711545 87.429464
0.361356 0.373107 0.562109 0.405424 0.277138 0.371149 0.305537 0.296723 -0.431865 -0.251676 -0.626742 -0.517062 -0.020381 -0.231111 -0.000000 0.042966 173.544709 87.464227
0.361805 0.372561 0.561286 0.404830 0.276732 0.370606 0.306067 0.297267 -0.432210 -0.251308 -0.627780 -0.518261 -0.020413 -0.231262 -0.000000 0.042659 173.443878 87.497105
0.361892 0.372651 0.561422 0.404928 0.276799 0.370695 0.305163 0.296360 -0.432314 -0.250390 -0.627932 -0.518386 -0.020418 -0.231807 -0.008986 0.051105 173.441176 87.507002
0.367463 0.372350 0.560968 0.404601 0.276575 0.370395 0.303939 0.298075 -0.431965 -0.251165 -0.627424 -0.517967 -0.020401 -0.231131 -0.000000 0.042635 173.340501 87.532360
0.367195 0.372078 0.560559 0.404306 0.276373 0.370125 0.304694 0.295905 -0.430673 -0.252935 -0.625014 -0.521496 -0.019593 -0.230962 -0.009125 0.051881 173.264161 87.566576
0.367424 0.370356 0.560908 0.404557 0.276545 0.370356 0.304884 0.296089 -0.430941 -0.253093 -0.625402 -0.521820 -0.019605 -0.230617 -0.000000 0.051303 173.203882 87.629478
0.360987 0.372726 0.557622 0.402075 0.276854 0.367835 0.305224 0.300333 -0.439249 -0.251419 -0.635884 -0.512621 -0.019627 -0.230875 -0.011067 0.051360 173.057949 87.652760
0.361694 0.373425 0.557204 0.399818 0.276647 0.367559 0.304996 0.300108 -0.438920 -0.254163 -0.635408 -0.512237 -0.019857 -0.230702 -0.011089 0.051810 172.862808 87.696873
0.363659 0.370502 0.557219 0.400806 0.276654 0.367569 0.305004 0.300116 -0.438932 -0.251237 -0.639335 -0.512250 -0.017902 -0.230708 -0.011059 0.056699 172.705646 87.777344
0.367587 0.337281 0.574843 0.404737 0.278623 0.368564 0.306974 0.301108 -0.439931 -0.251250 -0.635456 -0.522052 -0.019614 -0.231208 -0.009104 0.050959 172.404504 87.860129
0.357482 0.369203 0.552828 0.393621 0.273484 0.364319 0.299855 0.296925 -0.380924 -0.296925 -0.609478 -0.545014 -0.017520 -0.229531 0.018008 0.051400 172.154936 87.961373
0.348843 0.333209 0.568702 0.397701 0.275557 0.363500 0.300963 0.298031 -0.386952 -0.301940 -0.619514 -0.539388 -0.017161 -0.223768 0.007878 0.044827 171.612071 88.156904
0.346922 0.333241 0.568757 0.397739 0.275583 0.363536 0.300992 0.298060 -0.387967 -0.301969 -0.619574 -0.539440 -0.017163 -0.223789 0.007879 0.048496 171.600297 88.173260
0.348843 0.333209 0.568703 0.397701 0.275557 0.363501 0.300963 0.298031 -0.386952 -0.301940 -0.619514 -0.539388 -0.017161 -0.223768 0.007878 0.047758 171.595348 88.176897
0.348805 0.333173 0.568641 0.397658 0.275527 0.363461 0.300930 0.297999 -0.387887 -0.301907 -0.619447 -0.539329 -0.017526 -0.222766 0.007877 0.047753 171.572206 88.183205
0.361284 0.332967 0.568290 0.395459 0.275357 0.363237 0.300744 0.294886 -0.379836 -0.328085 -0.605395 -0.527279 -0.025632 -0.229952 -0.000000 0.066398 171.129842 88.376912
0.360089 0.332691 0.565574 0.394337 0.274959 0.362046 0.298443 0.296486 -0.380637 -0.328777 -0.606672 -0.530348 -0.025747 -0.230437 -0.000000 0.067027 170.945224 88.433372
0.359595 0.332234 0.566752 0.394772 0.274582 0.362526 0.297056 0.296079 -0.381092 -0.329303 -0.607793 -0.529620 -0.018932 -0.230610 -0.000000 0.067180 170.920163 88.455039
0.360434 0.332107 0.566535 0.395598 0.274477 0.362387 0.298896 0.294989 -0.379969 -0.335037 -0.607560 -0.519650 -0.027960 -0.229544 -0.000000 0.068131 170.881357 88.463191
0.360566 0.332228 0.566743 0.394766 0.274577 0.362520 0.298028 0.295097 -0.380108 -0.329297 -0.607783 -0.529611 -0.018932 -0.231094 -0.000000 0.069377 170.875243 88.468186
0.359785 0.332410 0.565097 0.394003 0.273749 0.361740 0.300146 0.296236 -0.382271 -0.328499 -0.608114 -0.529900 -0.026703 -0.227310 -0.000000 0.066971 170.820334 88.476187
0.359785 0.332410 0.565097 0.394004 0.273749 0.361740 0.300147 0.296236 -0.382271 -0.328499 -0.608115 -0.529901 -0.026703 -0.227310 -0.000000 0.069171 170.804426 88.488539
0.358307 0.331875 0.565851 0.393551 0.274115 0.362223 0.297610 0.296631 -0.381803 -0.329917 -0.608927 -0.530608 -0.018968 -0.231040 -0.000000 0.067305 170.770562 88.492877
0.358567 0.331285 0.563184 0.392670 0.273797 0.360516 0.297182 0.295233 -0.379029 -0.330311 -0.609954 -0.532005 -0.026064 -0.233361 -0.000000 0.067231 170.542322 88.515908
0.358817 0.330693 0.564409 0.392759 0.273476 0.360756 0.298691 0.295781 -0.381121 -0.328754 -0.614837 -0.525618 -0.025517 -0.228867 -0.000000 0.066914 170.509695 88.551584
0.349142 0.323714 0.567233 0.392173 0.272859 0.360878 0.297308 0.296330 -0.392173 -0.331538 -0.612221 -0.530070 -0.025550 -0.230805 -0.000000 0.057824 170.406402 88.555436
0.349176 0.323746 0.567289 0.392212 0.272886 0.360913 0.297338 0.296360 -0.392212 -0.331571 -0.612281 -0.530122 -0.025552 -0.227405 -0.000000 0.057829 170.400377 88.561582
0.348707 0.328137 0.562241 0.392785 0.270346 0.361440 0.297772 0.296792 -0.392785 -0.332055 -0.613175 -0.530896 -0.025712 -0.227737 -0.000000 0.058526 170.335159 88.585438
0.348808 0.328232 0.562404 0.390939 0.270424 0.360565 0.298838 0.296879 -0.392899 -0.332151 -0.613353 -0.531050 -0.026210 -0.234661 -0.000000 0.057931 170.278645 88.595383
0.348514 0.327956 0.561930 0.390610 0.270196 0.360262 0.298586 0.296629 -0.391589 -0.331872 -0.612836 -0.534519 -0.025820 -0.232506 -0.000000 0.058371 170.239953 88.610275
0.348389 0.327838 0.561729 0.390470 0.270100 0.360133 0.298480 0.296522 -0.394385 -0.331753 -0.612617 -0.534327 -0.025933 -0.234380 -0.000000 0.058473 170.195866 88.618148
0.348646 0.328080 0.562143 0.390758 0.270299 0.360398 0.298700 0.296741 -0.395655 -0.329059 -0.613069 -0.534721 -0.026197 -0.234553 -0.000000 0.067575 170.176624 88.638233
0.348546 0.327986 0.561982 0.390646 0.270221 0.360295 0.298614 0.296656 -0.395541 -0.329944 -0.612893 -0.534568 -0.026190 -0.234486 -0.000000 0.067555 170.151495 88.646507
0.348528 0.327968 0.561952 0.390625 0.270207 0.360276 0.298598 0.296640 -0.395520 -0.331884 -0.612860 -0.532581 -0.026189 -0.234473 -0.000000 0.067552 170.116956 88.657932
0.348349 0.327801 0.561664 0.390425 0.270069 0.360091 0.298445 0.296488 -0.395318 -0.331715 -0.612547 -0.534266 -0.025992 -0.234842 -0.000000 0.066783 170.107230 88.659281
0.348354 0.327805 0.561672 0.390431 0.270072 0.360096 0.298450 0.296492 -0.395323 -0.331719 -0.612555 -0.534274 -0.025992 -0.234356 -0.000000 0.066784 170.103609 88.660077
0.348356 0.327807 0.561676 0.390433 0.270074 0.360099 0.298451 0.296494 -0.395326 -0.331721 -0.612559 -0.534277 -0.025686 -0.235336 -0.000000 0.067519 170.099964 88.662291
0.348340 0.327792 0.561649 0.390414 0.270061 0.360082 0.298437 0.296480 -0.395307 -0.331706 -0.612530 -0.534251 -0.026236 -0.234836 -0.000000 0.067515 170.096501 88.662331
0.348342 0.327794 0.561653 0.390417 0.270063 0.360084 0.298439 0.296482 -0.395310 -0.331708 -0.612534 -0.534255 -0.026297 -0.234348 -0.000000 0.067516 170.096399 88.662989
0.348347 0.327798 0.561661 0.390423 0.270067 0.360089 0.298443 0.296486 -0.395315 -0.331712 -0.612543 -0.534263 -0.026175 -0.234351 0.000000 0.067517 170.096285 88.663170
0.348347 0.327798 0.561661 0.390423 0.270067 0.360089 0.298443 0.296486 -0.395315 -0.331712 -0.612543 -0.534263 -0.026175 -0.234351 0.000000 0.067517 170.096285 88.663170
0.348347 0.327798 0.561661 0.390423 0.270067 0.360089 0.298443 0.296486 -0.395315 -0.331712 -0.612543 -0.534263 -0.026175 -0.234351 0.000000 0.067517 170.096284 88.663170
0.348366 0.327817 0.561692 0.390444 0.270082 0.360109 0.298460 0.296503 -0.395337 -0.331731 -0.612577 -0.534292 -0.025687 -0.234364 -0.000000 0.067520 170.095105 88.663873
0.348347 0.327799 0.561661 0.390423 0.270067 0.360089 0.298443 0.296486 -0.395315 -0.331713 -0.612543 -0.534263 -0.026175 -0.234351 0.000000 0.067761 170.093971 88.664271
0.348347 0.327799 0.561661 0.390423 0.270067 0.360089 0.298443 0.296486 -0.395315 -0.331713 -0.612543 -0.534263 -0.026175 -0.234351 -0.000000 0.068006 170.090900 88.665368
0.348347 0.327799 0.561661 0.390423 0.270067 0.360089 0.298443 0.296486 -0.395315 -0.331713 -0.612543 -0.534263 -0.026175 -0.234351 -0.000000 0.068251 170.089204 88.666418
0.348347 0.327799 0.561661 0.390423 0.270067 0.360089 0.298443 0.296486 -0.395315 -0.331713 -0.612543 -0.534263 -0.026175 -0.234351 -0.000000 0.068251 170.089200 88.666418
0.348347 0.327799 0.561661 0.390423 0.270067 0.360089 0.298443 0.296486 -0.395315 -0.331713 -0.612543 -0.534263 -0.026175 -0.234351 -0.000000 0.068251 170.089189 88.666418
0.348357 0.327808 0.561676 0.390433 0.270074 0.360099 0.298452 0.296495 -0.395326 -0.331722 -0.612560 -0.534277 -0.025931 -0.234358 -0.000000 0.068252 170.087469 88.666835
0.348255 0.327711 0.561512 0.390319 0.269995 0.359994 0.298364 0.296408 -0.395210 -0.332603 -0.612380 -0.534121 -0.025985 -0.234289 -0.000000 0.066765 170.077200 88.668399
0.348257 0.327714 0.561516 0.390322 0.269997 0.359996 0.298366 0.296410 -0.395213 -0.332605 -0.612385 -0.534125 -0.025924 -0.234291 -0.000000 0.067255 170.070002 88.670726
0.348257 0.327714 0.561516 0.390322 0.269997 0.359996 0.298366 0.296410 -0.395213 -0.332605 -0.612385 -0.534125 -0.025924 -0.234291 -0.000000 0.067255 170.070001 88.670726
0.348247 0.327705 0.561500 0.390311 0.269990 0.359986 0.298358 0.296402 -0.395202 -0.332596 -0.612368 -0.534110 -0.026167 -0.234284 -0.000000 0.067497 170.068246 88.671501
0.348257 0.327714 0.561516 0.390322 0.269997 0.359996 0.298366 0.296410 -0.395213 -0.332605 -0.612385 -0.534125 -0.025924 -0.234291 -0.000000 0.067499 170.066144 88.671847
0.348257 0.327714 0.561516 0.390322 0.269997 0.359996 0.298366 0.296410 -0.395213 -0.332605 -0.612385 -0.534125 -0.025924 -0.234291 -0.000000 0.067499 170.066141 88.671848
0.348257 0.327714 0.561516 0.390322 0.269997 0.359996 0.298366 0.296410 -0.395213 -0.332605 -0.612385 -0.534125 -0.025924 -0.234291 -0.000000 0.067499 170.066140 88.671848
0.348262 0.327719 0.561524 0.390328 0.270001 0.360001 0.298371 0.296414 -0.395219 -0.332610 -0.612394 -0.534132 -0.026169 -0.232827 -0.000000 0.067500 170.059639 88.673782
0.348257 0.327714 0.561516 0.390322 0.269997 0.359996 0.298366 0.296410 -0.395213 -0.332605 -0.612385 -0.534125 -0.025924 -0.234291 -0.000000 0.068233 170.058689 88.675098
0.348257 0.327714 0.561516 0.390322 0.269997 0.359996 0.298366 0.296410 -0.395213 -0.332605 -0.612385 -0.534125 -0.025924 -0.234291 -0.000000 0.068233 170.058686 88.675098
0.348257 0.327714 0.561516 0.390322 0.269997 0.359996 0.298366 0.296410 -0.395213 -0.332605 -0.612385 -0.534125 -0.025924 -0.234291 -0.000000 0.068233 170.058685 88.675098
0.348470 0.327914 0.561859 0.389582 0.271141 0.359237 0.298549 0.296591 -0.395455 -0.331830 -0.616674 -0.528578 -0.025450 -0.234434 -0.000000 0.067541 170.011071 88.687430
0.347975 0.327448 0.561061 0.390005 0.269778 0.359704 0.298124 0.296170 -0.394893 -0.332336 -0.613843 -0.533692 -0.027124 -0.232146 -0.000000 0.067933 169.988485 88.693165
0.348190 0.327651 0.561407 0.390246 0.269945 0.359927 0.298309 0.296353 -0.395137 -0.333519 -0.616179 -0.528153 -0.025674 -0.235224 -0.000000 0.067486 169.981476 88.698799
0.348261 0.327717 0.561522 0.389348 0.270978 0.359022 0.298370 0.296413 -0.395218 -0.333587 -0.616305 -0.528261 -0.025435 -0.235272 -0.000000 0.067500 169.955679 88.702421
0.348271 0.327727 0.561538 0.389359 0.270986 0.359032 0.298378 0.296421 -0.395229 -0.333596 -0.616322 -0.528276 -0.025436 -0.234300 -0.000000 0.067502 169.951545 88.703896
0.347583 0.328001 0.560049 0.388706 0.270234 0.358353 0.298628 0.295690 -0.395559 -0.335834 -0.614879 -0.530676 -0.025702 -0.234496 -0.000000 0.067558 169.831752 88.734368
0.347367 0.327797 0.559701 0.388464 0.270065 0.358130 0.298442 0.295506 -0.395313 -0.331711 -0.622325 -0.526432 -0.025624 -0.230436 -0.000000 0.062502 169.768225 88.745887
0.347374 0.327803 0.559712 0.388472 0.270071 0.358138 0.298448 0.295512 -0.395321 -0.331718 -0.622337 -0.526443 -0.025441 -0.230441 -0.000000 0.062625 169.766814 88.746603
0.348439 0.327885 0.559851 0.389547 0.269159 0.359205 0.297543 0.294607 -0.394440 -0.333757 -0.620534 -0.524615 -0.026732 -0.234413 -0.000000 0.067779 169.762513 88.752107
0.347498 0.327000 0.560292 0.389472 0.269409 0.359212 0.297716 0.294788 -0.394352 -0.333833 -0.620812 -0.525152 -0.026660 -0.231828 -0.000000 0.066864 169.755358 88.755087
0.346995 0.326469 0.559103 0.388048 0.269777 0.357747 0.298123 0.295191 -0.394891 -0.332334 -0.621660 -0.529779 -0.025536 -0.231656 -0.000000 0.067200 169.596307 88.790084
0.347940 0.326438 0.559049 0.388011 0.269751 0.357713 0.298094 0.295162 -0.394853 -0.332302 -0.621600 -0.529728 -0.025533 -0.231634 -0.000000 0.067438 169.565838 88.794764
0.349379 0.323934 0.571533 0.375802 0.272065 0.360144 0.298489 0.296532 -0.395375 -0.328827 -0.620465 -0.530429 -0.025751 -0.231941 -0.000000 0.067527 169.476940 88.817603
0.346870 0.326409 0.559280 0.388768 0.268922 0.358563 0.297178 0.295230 -0.392665 -0.329332 -0.639177 -0.508613 -0.026064 -0.229948 -0.000000 0.065769 169.392192 88.851178
0.348913 0.323502 0.570770 0.375301 0.271702 0.359664 0.298091 0.296136 -0.396803 -0.332298 -0.619638 -0.529722 -0.025716 -0.231631 -0.000000 0.067926 169.350582 88.856780
0.346545 0.325069 0.558376 0.387544 0.269426 0.357283 0.294807 0.292855 -0.393401 -0.329950 -0.640376 -0.509567 -0.026174 -0.233796 -0.000000 0.067357 169.145520 88.895549
0.347483 0.324970 0.569676 0.373911 0.271134 0.359229 0.297563 0.294626 -0.400339 -0.327906 -0.642109 -0.505073 -0.019699 -0.242748 -0.000000 0.068518 168.956681 88.963649
0.348275 0.323748 0.570974 0.369858 0.269790 0.360047 0.298241 0.295298 -0.402233 -0.333559 -0.621989 -0.531732 -0.019069 -0.231529 -0.000000 0.067448 168.894299 88.967953
0.347428 0.322125 0.568341 0.375650 0.270546 0.358133 0.296822 0.294876 -0.398033 -0.326991 -0.640357 -0.511896 -0.025607 -0.230645 -0.000000 0.069826 168.854140 88.988942
0.347186 0.323714 0.567234 0.374570 0.269925 0.357944 0.296331 0.293397 -0.399020 -0.327626 -0.643517 -0.510510 -0.018949 -0.230316 -0.000000 0.066992 168.794910 89.016567
0.346881 0.323430 0.566735 0.374241 0.269688 0.357629 0.296070 0.293139 -0.398669 -0.327338 -0.642951 -0.510062 -0.026749 -0.230114 -0.000000 0.071086 168.731834 89.027285
0.346859 0.323409 0.566699 0.374216 0.269670 0.357606 0.295074 0.293120 -0.399620 -0.327317 -0.642910 -0.510029 -0.026503 -0.230099 -0.000000 0.071082 168.719050 89.029072
0.346470 0.324999 0.569968 0.349398 0.272296 0.352326 0.289864 0.287912 -0.399173 -0.340615 -0.644142 -0.511410 -0.023484 -0.249849 0.027876 -0.001529 168.302272 89.175853
0.347493 0.324000 0.569693 0.350429 0.272121 0.352387 0.290719 0.287783 -0.400351 -0.340641 -0.644085 -0.510961 -0.023554 -0.250586 0.021902 0.001541 168.213479 89.180708
0.346615 0.325074 0.569858 0.349552 0.272200 0.352490 0.289825 0.287866 -0.401446 -0.340740 -0.644273 -0.511110 -0.023683 -0.234014 -0.000000 0.017686 168.160049 89.193317
0.348455 0.324964 0.569665 0.349434 0.272108 0.352370 0.289727 0.287769 -0.402289 -0.340624 -0.644054 -0.510937 -0.023736 -0.234424 -0.000000 0.017680 168.064076 89.202471
0.346680 0.324156 0.569966 0.349618 0.272252 0.352556 0.289880 0.287921 -0.399564 -0.340804 -0.644395 -0.511207 -0.023504 -0.250217 0.021851 0.017261 168.052765 89.230059
0.346567 0.323071 0.567822 0.348525 0.269226 0.352441 0.290764 0.286848 -0.407265 -0.342651 -0.646142 -0.511040 -0.023863 -0.234471 -0.000000 -0.001820 167.825249 89.275883
0.346431 0.322944 0.567599 0.348389 0.271078 0.351324 0.289671 0.287714 -0.405149 -0.342517 -0.645889 -0.512797 -0.023609 -0.229976 -0.025750 0.036331 167.651550 89.312514
0.346776 0.325286 0.566563 0.348730 0.270583 0.351660 0.290120 0.286212 -0.414177 -0.286212 -0.750208 -0.382919 -0.120151 -0.230533 0.027779 -0.001519 167.485995 89.353670
0.346869 0.325373 0.564762 0.347847 0.268702 0.351755 0.290198 0.287267 -0.415266 -0.289221 -0.750411 -0.383022 -0.118962 -0.230595 0.023878 -0.005099 167.335101 89.417819
0.346761 0.325271 0.564585 0.347737 0.268617 0.351644 0.290107 0.287176 -0.414159 -0.293037 -0.748221 -0.381925 -0.120878 -0.230523 0.025641 0.005617 167.252589 89.460044
0.346583 0.324128 0.566248 0.348535 0.270432 0.350488 0.288982 0.285076 -0.414923 -0.286053 -0.792747 -0.303626 -0.164993 -0.231381 0.023492 0.000000 167.085996 89.504059
0.346684 0.324159 0.566055 0.348643 0.270296 0.350601 0.291841 0.286945 -0.414258 -0.292821 -0.787384 -0.303593 -0.168445 -0.217902 0.023504 0.000000 167.041977 89.523550
0.346930 0.325430 0.564861 0.347907 0.268749 0.351816 0.289271 0.287317 -0.415339 -0.289271 -0.791587 -0.302953 -0.164670 -0.230635 0.028280 -0.005604 167.023353 89.533683
0.346930 0.325430 0.564860 0.347907 0.268748 0.351816 0.289271 0.287317 -0.415339 -0.289271 -0.791586 -0.302953 -0.164670 -0.230635 0.027852 -0.001401 166.988644 89.545532
0.346849 0.325354 0.564729 0.347826 0.268686 0.351735 0.290181 0.287250 -0.418173 -0.285296 -0.795311 -0.301905 -0.163654 -0.230582 0.027846 -0.001538 166.926630 89.554788
0.346505 0.324971 0.563805 0.346505 0.268199 0.351399 0.289733 0.285818 -0.416002 -0.286797 -0.794808 -0.304415 -0.165422 -0.232472 0.028019 -0.001002 166.808720 89.600453
0.347522 0.324028 0.563867 0.348501 0.269207 0.350459 0.290744 0.286828 -0.418984 -0.286828 -0.794896 -0.303470 -0.160545 -0.229560 0.025697 0.005629 166.680321 89.607028
0.346446 0.323025 0.564073 0.348398 0.269350 0.350350 0.290820 0.285940 -0.413784 -0.301555 -0.784628 -0.302531 -0.167856 -0.217627 0.023483 0.000000 166.673245 89.618568
0.348524 0.322091 0.571736 0.335797 0.271183 0.352440 0.290763 0.288805 -0.418033 -0.285868 -0.796907 -0.302511 -0.163983 -0.231044 0.027902 -0.001530 166.518285 89.671863
0.346515 0.323023 0.563821 0.344557 0.268207 0.351409 0.289741 0.287784 -0.419929 -0.289741 -0.794831 -0.303445 -0.165427 -0.231499 0.027897 -0.001522 166.491221 89.681868
0.346610 0.321153 0.569850 0.334861 0.270238 0.351506 0.292758 0.287863 -0.423961 -0.282967 -0.806799 -0.294716 -0.164493 -0.231563 0.029374 -0.001828 166.197083 89.780155
0.347405 0.320983 0.569549 0.334684 0.269117 0.352298 0.292603 0.288689 -0.423737 -0.282817 -0.806372 -0.296518 -0.164406 -0.231441 0.027401 -0.001831 166.128891 89.792823
0.347260 0.320849 0.569311 0.334544 0.269983 0.351173 0.292481 0.288568 -0.425516 -0.283677 -0.806035 -0.295416 -0.165315 -0.230366 0.027756 0.000986 166.059012 89.808027
0.347235 0.319847 0.567313 0.333541 0.268985 0.350169 0.292460 0.284635 -0.424507 -0.284635 -0.807932 -0.297350 -0.165303 -0.230349 0.009017 0.016689 165.550452 89.891332
0.346677 0.323174 0.564085 0.332967 0.268332 0.349615 0.291836 0.286939 -0.423064 -0.294774 -0.803038 -0.294774 -0.165014 -0.230139 0.008997 0.015914 165.328577 89.931886
0.347261 0.318893 0.590833 0.273896 0.303242 0.324763 0.295417 0.288569 -0.439212 -0.296395 -0.757127 -0.386389 -0.114694 -0.233301 -0.009904 0.039373 164.793732 90.035722
0.347281 0.316955 0.590866 0.273911 0.303259 0.324781 0.295433 0.288585 -0.438258 -0.295433 -0.759126 -0.387389 -0.114700 -0.232825 -0.007948 0.039986 164.656786 90.070172
0.347481 0.319095 0.593164 0.274069 0.303434 0.327904 0.296582 0.288752 -0.441447 -0.293646 -0.804589 -0.293646 -0.165910 -0.228065 -0.008901 0.034870 164.481337 90.111629
0.346617 0.317325 0.591689 0.273388 0.302679 0.325136 0.294868 0.288033 -0.445231 -0.292915 -0.800635 -0.305608 -0.164521 -0.225545 -0.009794 0.042473 164.268286 90.183879
0.346838 0.316551 0.590113 0.273562 0.302873 0.324367 0.295057 0.289195 -0.449424 -0.293103 -0.801147 -0.305804 -0.163160 -0.232528 -0.000038 0.042500 163.960611 90.241651
0.346749 0.315492 0.588008 0.276422 0.301818 0.323307 0.294004 0.289120 -0.449308 -0.293027 -0.800941 -0.311585 -0.155304 -0.232468 -0.000038 0.042489 163.819879 90.287702
0.347901 0.313697 0.586350 0.275585 0.300993 0.322493 0.296107 0.290243 -0.450513 -0.295130 -0.805254 -0.303925 -0.168576 -0.217438 0.028157 0.034815 163.172630 90.428922
0.347204 0.312972 0.584867 0.274829 0.300258 0.322753 0.296346 0.289499 -0.451854 -0.294389 -0.805903 -0.308082 -0.164310 -0.231306 0.028180 0.034843 163.014114 90.478065
0.346851 0.312751 0.584581 0.274753 0.300085 0.321519 0.295213 0.289368 -0.450127 -0.294239 -0.810619 -0.303008 -0.168067 -0.216782 0.025880 0.036780 162.941488 90.511799
0.348278 0.312080 0.583072 0.273926 0.299362 0.320885 0.295449 0.287623 -0.447087 -0.309145 -0.802213 -0.302297 -0.167780 -0.216695 0.029166 0.039377 162.672575 90.596543
0.347219 0.311030 0.582937 0.273863 0.299293 0.320811 0.294403 0.288534 -0.450896 -0.300271 -0.813765 -0.296359 -0.167741 -0.217134 0.025980 0.038757 162.554256 90.632848
0.346713 0.302764 0.578181 0.268581 0.296904 0.318390 0.294951 0.289091 -0.468796 -0.294951 -0.824299 -0.309600 -0.149429 -0.229026 0.025576 0.057867 160.376386 90.923244
0.349022 0.310894 0.574860 0.261034 0.291341 0.329469 0.300140 0.293296 -0.424302 -0.340223 -0.799721 -0.308939 -0.153003 -0.231704 -0.000000 0.066969 160.152740 90.940281
0.347160 0.304011 0.578601 0.262822 0.292242 0.329508 0.307933 0.297146 -0.427576 -0.335392 -0.804157 -0.310875 -0.150044 -0.225556 -0.000000 0.057370 159.910426 90.963786
0.349290 0.302458 0.575646 0.261480 0.290750 0.327825 0.304409 0.286847 -0.429295 -0.341485 -0.802001 -0.312215 -0.152692 -0.218550 -0.019026 0.087079 158.666057 91.100539
0.347383 0.311177 0.561684 0.262250 0.290628 0.319005 0.304327 0.288670 -0.430559 -0.339555 -0.810234 -0.312156 -0.152653 -0.220172 -0.018470 0.087090 158.507317 91.159796
0.347148 0.308033 0.561304 0.262072 0.290431 0.318790 0.308033 0.288475 -0.430268 -0.339325 -0.813598 -0.310966 -0.155483 -0.228824 -0.000035 0.087031 157.043592 91.237434
0.347636 0.300632 0.571885 0.250690 0.289860 0.328051 0.306507 0.293777 -0.429893 -0.340781 -0.812782 -0.314341 -0.155212 -0.232084 -0.000103 0.087154 155.438318 91.341755
0.350743 0.299939 0.570567 0.251089 0.289192 0.327295 0.305801 0.294077 -0.428902 -0.339019 -0.824587 -0.300916 -0.152900 -0.232526 -0.000118 0.086953 154.778928 91.425224
0.347582 0.298627 0.563964 0.261421 0.289815 0.318209 0.308418 0.297648 -0.428848 -0.338770 -0.822447 -0.308418 -0.153719 -0.231558 -0.000000 0.087385 154.547730 91.442655
0.346407 0.297479 0.561688 0.261273 0.288672 0.317050 0.303351 0.294544 -0.435455 -0.341514 -0.821983 -0.308243 -0.153632 -0.232406 -0.018409 0.092962 151.276886 91.593959
0.346987 0.298116 0.562999 0.260974 0.289319 0.317665 0.307890 0.295184 -0.432024 -0.342100 -0.821041 -0.307890 -0.153456 -0.229696 -0.000000 0.066710 150.454236 91.602797
0.346407 0.297479 0.561688 0.261273 0.288672 0.317050 0.303350 0.294544 -0.435455 -0.341514 -0.821982 -0.308243 -0.153632 -0.232406 -0.018409 0.087091 150.380332 91.630399
0.346461 0.331780 0.518713 0.210910 0.298504 0.283824 0.274037 0.264250 -0.449225 -0.381694 -0.784920 -0.379737 -0.141423 -0.231953 0.027954 -0.001529 149.311524 91.774004
0.346467 0.333744 0.510892 0.208957 0.298510 0.283829 0.275021 0.269148 -0.443360 -0.384637 -0.786891 -0.393446 -0.125032 -0.226574 -0.010154 0.000034 148.122330 91.853340
0.347178 0.328649 0.516867 0.208210 0.297442 0.283789 0.274037 0.265260 -0.446651 -0.384237 -0.787978 -0.381311 -0.141895 -0.242342 -0.000000 0.014842 147.237004 91.950529
0.347136 0.326601 0.520215 0.208770 0.298243 0.284554 0.275753 0.265974 -0.445898 -0.384294 -0.788145 -0.379405 -0.141299 -0.227350 -0.009198 0.005607 146.907803 91.969654
0.347385 0.323900 0.518632 0.209899 0.298458 0.283780 0.274973 0.269101 -0.444262 -0.385549 -0.788712 -0.381635 -0.141401 -0.237788 -0.009021 0.038653 146.433587 91.980863
0.347008 0.322571 0.520023 0.198919 0.300088 0.285426 0.276629 0.270764 -0.445734 -0.386107 -0.789809 -0.394905 -0.123896 -0.240950 -0.000000 0.014723 146.003253 92.107814
0.348242 0.317918 0.522364 0.199066 0.300310 0.285637 0.276833 0.270964 -0.446063 -0.386392 -0.790393 -0.395196 -0.123988 -0.241128 -0.000000 0.014398 144.665989 92.221993
0.348009 0.317705 0.522013 0.198932 0.300109 0.285446 0.276648 0.270782 -0.445764 -0.385156 -0.791818 -0.395909 -0.124149 -0.241456 -0.000000 0.014755 144.393892 92.238402
0.348148 0.315876 0.522222 0.199500 0.300229 0.285559 0.276758 0.270890 -0.446920 -0.385310 -0.792134 -0.396067 -0.124199 -0.241552 -0.000000 0.014394 142.807585 92.333749
0.347251 0.329644 0.489086 0.212752 0.293451 0.270953 0.289539 0.272910 -0.446046 -0.370727 -0.851009 -0.337469 -0.153573 -0.231827 -0.025860 0.036559 142.493840 92.386856
0.348154 0.325661 0.495826 0.213195 0.295344 0.271873 0.290454 0.273829 -0.446928 -0.364779 -0.852782 -0.339352 -0.143760 -0.230799 -0.028177 0.033373 142.253361 92.397927
0.354683 0.316577 0.498315 0.216914 0.298012 0.276516 0.299966 0.274562 -0.433828 -0.370317 -0.852022 -0.338073 -0.149983 -0.221799 -0.027114 0.067419 138.389277 92.421547
0.354727 0.316616 0.498376 0.216940 0.298049 0.276550 0.300003 0.274596 -0.433881 -0.370362 -0.852126 -0.338114 -0.146581 -0.234041 -0.000000 0.033714 138.328526 92.524265
0.347089 0.312869 0.502546 0.213142 0.294293 0.271805 0.290382 0.273761 -0.445839 -0.369577 -0.852569 -0.338290 -0.150079 -0.245407 -0.000000 0.034953 137.062948 92.809858
0.347563 0.312416 0.499865 0.216738 0.294842 0.272387 0.291913 0.274340 -0.422738 -0.354397 -0.919674 -0.229918 -0.250909 -0.220644 -0.000000 0.049059 135.869320 92.841357
0.347330 0.312107 0.504851 0.221606 0.290583 0.281777 0.298410 0.280799 -0.412882 -0.388422 -0.847289 -0.320913 -0.168284 -0.233836 -0.009203 0.058337 135.110069 92.893131
0.354682 0.316575 0.498313 0.216913 0.298011 0.276515 0.299965 0.274561 -0.433825 -0.370315 -0.852018 -0.338071 -0.149982 -0.221798 -0.027175 0.034809 133.481635 92.976870
0.347263 0.306178 0.498885 0.215694 0.292484 0.271941 0.304222 0.284658 -0.438236 -0.373675 -0.860821 -0.341394 -0.139883 -0.229878 -0.024394 0.038395 130.753923 93.219481
0.346819 0.307741 0.496293 0.216395 0.294063 0.269639 0.304810 0.286248 -0.439629 -0.369289 -0.865582 -0.339980 -0.141170 -0.230561 -0.000000 0.029614 130.628352 93.297646
0.346932 0.305886 0.498409 0.215489 0.292205 0.271682 0.303932 0.284386 -0.437818 -0.373318 -0.861955 -0.342046 -0.139750 -0.229659 -0.022172 0.001054 127.862462 93.404065
0.347722 0.301686 0.503462 0.222346 0.286993 0.278178 0.295809 0.273280 -0.444692 -0.372209 -0.854123 -0.338907 -0.150353 -0.246344 -0.025957 0.048608 127.465649 93.489318
0.349187 0.298325 0.504708 0.218609 0.293435 0.272894 0.310063 0.288544 -0.433305 -0.373640 -0.858785 -0.344297 -0.141827 -0.222032 -0.027204 0.034845 126.800794 93.574086
0.347159 0.298263 0.502647 0.218563 0.292396 0.271860 0.304131 0.284573 -0.438105 -0.373563 -0.860563 -0.344225 -0.139841 -0.229809 -0.024020 0.038383 126.300319 93.630789
0.347100 0.298213 0.502562 0.218526 0.292346 0.271814 0.304079 0.284524 -0.438031 -0.373499 -0.860417 -0.344167 -0.137862 -0.246392 -0.025360 0.044487 126.185745 93.652256
0.347291 0.291528 0.514577 0.208863 0.290550 0.280767 0.294463 0.279789 -0.428488 -0.400118 -0.823714 -0.367834 -0.144786 -0.244082 -0.009141 0.051238 124.496003 93.760549
0.353572 0.287768 0.512679 0.217054 0.295625 0.273036 0.309375 0.286786 -0.440983 -0.373215 -0.856430 -0.339822 -0.150759 -0.246518 -0.000000 0.049107 122.715772 93.851097
0.360919 0.298452 0.465030 0.206735 0.269697 0.271680 0.276638 0.257799 -0.456106 -0.335139 -0.963771 -0.234498 -0.302418 -0.249371 -0.009048 -0.000206 120.276572 93.979181
0.356373 0.294693 0.459173 0.204131 0.266300 0.268259 0.273154 0.262384 -0.450361 -0.372037 -0.951633 -0.231544 -0.293714 -0.234482 -0.000000 -0.000203 119.221165 94.391969
0.356121 0.294485 0.458849 0.203987 0.266113 0.268069 0.272961 0.262199 -0.450043 -0.371775 -0.950961 -0.231381 -0.298398 -0.246056 -0.008927 -0.000203 118.955421 94.417689
0.354976 0.281634 0.458633 0.203891 0.265988 0.267943 0.272833 0.262076 -0.453743 -0.384313 -0.950514 -0.231761 -0.298258 -0.245941 -0.008893 -0.000199 116.002127 94.981609
0.368586 0.265930 0.469287 0.203847 0.267885 0.268863 0.289394 0.264952 -0.447778 -0.384229 -0.950307 -0.231222 -0.294282 -0.273751 -0.009013 -0.001035 114.209564 95.222222
0.443835 0.208720 0.476097 0.214586 0.262977 0.266888 0.289373 0.263955 -0.445791 -0.382246 -0.967835 -0.235115 -0.285462 -0.229739 -0.008890 0.016803 112.814338 95.389698
0.433874 0.195927 0.491528 0.214494 0.259933 0.275569 0.295112 0.280455 -0.454395 -0.431920 -0.840386 -0.407490 -0.165634 -0.228175 -0.012459 -0.034080 111.750008 95.785887
