0.291727 0.404685 0.393881 0.561845 0.349679 0.359502 0.342804 0.319230 -0.331017 -0.171893 -0.341822 -0.488176 -0.362449 -0.158142 0.009669 0.000000 204.020906 88.534767
0.291060 0.403759 0.392979 0.560559 0.348879 0.360639 0.342019 0.318499 -0.331239 -0.172480 -0.342999 -0.489019 -0.363579 -0.158270 0.009677 0.000000 203.939709 88.573598
0.290401 0.402469 0.399546 0.559364 0.347897 0.359591 0.341075 0.317687 -0.330356 -0.171999 -0.342050 -0.487251 -0.362515 -0.157869 0.009654 0.000000 203.855260 88.690721
0.290169 0.402904 0.392121 0.558772 0.348007 0.357810 0.341145 0.317618 -0.329382 -0.171063 -0.352909 -0.486230 -0.360751 -0.157338 0.009619 0.000000 203.826062 88.869097
0.286716 0.401207 0.395335 0.557775 0.347386 0.359129 0.336622 0.317051 -0.328794 -0.171247 -0.365000 -0.473620 -0.360107 -0.157547 0.009633 0.000000 203.813848 88.984715
0.285640 0.399701 0.393852 0.555683 0.346083 0.357782 0.335359 0.315862 -0.327560 -0.171092 -0.358756 -0.474767 -0.380204 -0.156469 0.017182 0.000000 203.709696 89.083846
0.286582 0.401019 0.395151 0.557515 0.347224 0.356027 0.339399 0.315925 -0.327662 -0.170189 -0.351136 -0.491004 -0.358961 -0.156495 0.017545 0.000000 203.595989 89.121465
0.286605 0.401052 0.395183 0.557560 0.347252 0.356056 0.339427 0.315951 -0.327689 -0.170202 -0.351165 -0.491044 -0.358990 -0.156508 0.023109 0.000000 203.425634 89.177867
0.288723 0.401276 0.398339 0.555914 0.346467 0.356254 0.339616 0.316127 -0.327872 -0.170297 -0.364084 -0.477616 -0.356254 -0.154638 0.010735 0.000047 203.153918 89.195775
0.288319 0.400714 0.397782 0.555136 0.345982 0.355756 0.339141 0.315685 -0.327413 -0.170059 -0.350869 -0.489653 -0.362597 -0.157354 0.021563 0.000000 203.106382 89.241965
0.289299 0.400343 0.399369 0.555220 0.345795 0.355536 0.338976 0.315599 -0.327288 -0.169975 -0.350665 -0.490931 -0.358458 -0.156338 0.017533 0.000000 203.041377 89.256288
0.288424 0.400481 0.397557 0.555411 0.345914 0.355658 0.339093 0.315707 -0.327400 -0.170034 -0.350786 -0.490126 -0.362479 -0.157366 0.025700 0.000000 202.984046 89.291288
0.286361 0.400710 0.394846 0.557084 0.346956 0.358684 0.336205 0.316658 -0.328387 -0.170546 -0.364548 -0.474010 -0.375299 -0.128520 0.021807 0.000097 202.965545 89.367792
0.286689 0.401169 0.395299 0.557723 0.347354 0.359095 0.336591 0.317022 -0.328763 -0.171720 -0.364966 -0.473575 -0.360074 -0.162914 0.036815 0.012506 202.764997 89.414735
0.286784 0.401302 0.395430 0.557908 0.347469 0.357257 0.340618 0.317127 -0.328872 -0.170798 -0.365087 -0.473732 -0.360193 -0.162478 0.036827 0.012510 202.675477 89.422984
0.288443 0.400507 0.397584 0.553499 0.341064 0.355681 0.339115 0.323524 -0.343013 -0.175892 -0.358605 -0.483337 -0.358605 -0.156402 0.018332 0.000000 202.585118 89.516360
0.285742 0.398484 0.396540 0.553990 0.345029 0.354748 0.338226 0.322675 -0.342113 -0.175430 -0.361552 -0.482069 -0.357664 -0.154048 0.025027 0.000035 202.515119 89.527847
0.285914 0.400476 0.394601 0.556162 0.346622 0.355434 0.338789 0.315289 -0.327039 -0.169884 -0.350539 -0.490558 -0.369143 -0.151769 0.036841 0.018359 202.454395 89.622818
0.288322 0.400719 0.397787 0.553188 0.341100 0.355760 0.339145 0.323507 -0.343055 -0.175437 -0.361625 -0.481840 -0.357715 -0.153935 0.027000 0.000035 202.180668 89.650276
0.290189 0.401574 0.400597 0.556928 0.320478 0.355652 0.335134 0.319501 -0.351744 -0.170498 -0.359561 -0.475832 -0.381056 -0.156819 0.017221 0.000000 202.101694 90.033378
0.289979 0.401284 0.400308 0.556526 0.320246 0.355395 0.334892 0.319270 -0.351490 -0.170375 -0.361253 -0.475488 -0.380781 -0.156706 0.017208 0.000000 202.101234 90.077297
0.288337 0.399386 0.399386 0.555244 0.319509 0.354577 0.334120 0.318534 -0.350680 -0.169982 -0.358473 -0.484133 -0.378929 -0.155858 0.017108 0.000000 202.074236 90.203234
0.289649 0.402181 0.401203 0.555813 0.318027 0.355211 0.334662 0.319005 -0.351297 -0.170267 -0.361083 -0.476551 -0.380653 -0.156567 0.017186 0.007859 201.730455 90.239659
0.285591 0.399044 0.407847 0.557488 0.323734 0.357966 0.335471 0.319822 -0.286569 -0.175071 -0.354054 -0.489025 -0.375571 -0.128614 0.022006 0.000001 201.633385 90.290922
0.288839 0.400081 0.399105 0.554259 0.319089 0.354218 0.332750 0.317137 -0.349339 -0.190770 -0.357146 -0.474242 -0.379589 -0.156129 0.017138 0.016467 201.501141 90.420171
0.288871 0.399750 0.398777 0.554398 0.319022 0.354037 0.333611 0.318049 -0.350146 -0.191121 -0.357927 -0.473670 -0.379325 -0.156107 0.017690 0.016535 201.421342 90.434509
0.288282 0.399309 0.398335 0.553189 0.318473 0.352561 0.333082 0.320421 -0.292177 -0.349639 -0.318473 -0.425605 -0.380804 -0.140245 0.017165 0.000073 201.227456 90.652805
0.289520 0.402002 0.399068 0.561434 0.296367 0.359944 0.327666 0.310060 -0.288542 -0.339403 -0.318863 -0.430367 -0.384396 -0.143782 0.025492 0.010637 201.110582 91.138941
0.289325 0.401732 0.398800 0.561057 0.296168 0.359702 0.327446 0.309852 -0.288348 -0.339175 -0.318649 -0.432033 -0.384138 -0.143685 0.025414 0.012798 201.010366 91.185301
0.291408 0.405820 0.395063 0.561303 0.294342 0.359860 0.327590 0.309988 -0.288474 -0.339324 -0.318789 -0.432223 -0.386262 -0.143748 0.026219 0.011337 200.893780 91.199408
0.286431 0.404718 0.393964 0.561130 0.293274 0.358771 0.326511 0.308915 -0.288386 -0.340197 -0.322601 -0.432090 -0.385166 -0.143704 0.035559 0.008340 200.773070 91.355401
0.286431 0.404718 0.393964 0.561131 0.293274 0.358772 0.326512 0.308915 -0.288386 -0.340198 -0.322601 -0.432090 -0.385166 -0.143704 0.035559 0.008829 200.757847 91.359468
0.288348 0.404665 0.393913 0.561057 0.293235 0.358724 0.326469 0.308874 -0.288348 -0.340153 -0.322559 -0.432033 -0.385116 -0.143685 0.035555 0.008339 200.694408 91.365573
0.288349 0.404666 0.393914 0.561058 0.293236 0.358725 0.326469 0.309853 -0.288349 -0.340154 -0.322560 -0.432034 -0.385117 -0.143686 0.035555 0.012921 200.512275 91.398753
0.288350 0.404667 0.393915 0.561060 0.293237 0.358727 0.326471 0.309854 -0.288350 -0.340155 -0.322561 -0.432036 -0.385118 -0.143686 0.035555 0.017289 200.319474 91.430234
0.289651 0.401206 0.407077 0.551903 0.292587 0.358150 0.327815 0.311179 -0.296501 -0.337600 -0.321943 -0.429584 -0.384571 -0.146783 0.036818 0.007828 200.048547 91.477664
0.289730 0.401315 0.407187 0.552052 0.292666 0.358247 0.325946 0.308327 -0.295602 -0.337691 -0.322030 -0.429700 -0.384675 -0.143397 0.035482 0.008320 200.017460 91.503658
0.289632 0.401179 0.407050 0.551866 0.292567 0.358126 0.325836 0.308223 -0.295503 -0.337578 -0.321922 -0.430534 -0.384545 -0.143348 0.035470 0.008317 199.979877 91.515751
0.291339 0.400835 0.405723 0.551393 0.292316 0.357819 0.328489 0.311869 -0.296227 -0.338266 -0.322623 -0.430164 -0.385193 -0.147136 0.036784 0.008921 199.906280 91.524304
0.288454 0.402858 0.392102 0.559308 0.292365 0.356901 0.325611 0.308010 -0.287476 -0.338323 -0.343212 -0.427303 -0.363746 -0.142760 0.035446 0.008739 199.905821 91.786818
0.288394 0.402774 0.392021 0.559192 0.292305 0.356827 0.325543 0.307946 -0.287417 -0.338252 -0.343140 -0.427215 -0.363670 -0.146641 0.036782 0.012495 199.823649 91.800727
0.288395 0.402776 0.392022 0.559194 0.292306 0.356828 0.325545 0.307948 -0.287418 -0.338253 -0.343142 -0.427216 -0.363671 -0.146642 0.036783 0.017230 199.740612 91.833330
0.289308 0.404050 0.393262 0.560962 0.284404 0.357957 0.329516 0.312844 -0.297153 -0.325594 -0.353053 -0.434452 -0.370706 -0.039106 -0.029421 0.008551 199.282115 92.224166
0.288213 0.400568 0.406430 0.549071 0.291144 0.355626 0.324362 0.303845 -0.296029 -0.324362 -0.351718 -0.431832 -0.374189 -0.038958 -0.029249 0.008518 198.827834 92.249393
0.288448 0.400893 0.406760 0.549517 0.291381 0.355915 0.324626 0.304092 -0.296270 -0.324626 -0.352004 -0.432182 -0.369604 -0.038989 -0.029273 0.008525 198.787006 92.250993
0.289032 0.400349 0.406208 0.550724 0.290985 0.356408 0.324185 0.303679 -0.295868 -0.324185 -0.355432 -0.428666 -0.369102 -0.038936 -0.029233 0.008514 198.786570 92.262075
0.287878 0.400102 0.405957 0.548433 0.290806 0.355213 0.323009 0.301540 -0.296661 -0.323985 -0.350333 -0.431330 -0.368875 -0.094170 0.029154 0.008478 198.768951 92.289484
0.288232 0.400594 0.406456 0.549107 0.290186 0.355649 0.324383 0.303865 -0.296049 -0.323406 -0.354672 -0.431860 -0.369328 -0.038960 -0.029067 0.008458 198.624598 92.324131
0.287478 0.399545 0.405392 0.547670 0.290401 0.354718 0.323534 0.303070 -0.295274 -0.337177 -0.347897 -0.427806 -0.365438 -0.094527 0.021500 0.008496 198.601060 92.341140
0.291271 0.399764 0.406606 0.547354 0.288339 0.355780 0.322548 0.303000 -0.293226 -0.340142 -0.344051 -0.429087 -0.365555 -0.094565 0.018388 0.008552 198.534337 92.351837
0.291119 0.399556 0.406395 0.547070 0.288188 0.355595 0.322380 0.302842 -0.293073 -0.341919 -0.343872 -0.428864 -0.365364 -0.094516 0.018378 0.008548 198.493391 92.376480
0.292774 0.398173 0.407932 0.546512 0.288870 0.356208 0.322052 0.302533 -0.295702 -0.336690 -0.347425 -0.426474 -0.381582 -0.038549 -0.022263 0.012107 198.338863 92.432262
0.291194 0.401004 0.404926 0.552974 0.279428 0.358845 0.326490 0.305900 -0.296096 -0.325509 -0.352962 -0.433359 -0.370610 -0.039095 -0.029352 0.009161 198.330392 92.490463
0.290749 0.399048 0.405877 0.546373 0.287822 0.355143 0.321970 0.302457 -0.292700 -0.339532 -0.347337 -0.429293 -0.364899 -0.094396 0.029209 0.008476 198.201434 92.496573
0.290259 0.399717 0.403626 0.551199 0.278531 0.357693 0.325442 0.304918 -0.295145 -0.338147 -0.348897 -0.429036 -0.365511 -0.094798 0.021562 0.008551 198.161784 92.565393
0.290222 0.399666 0.403574 0.551128 0.278496 0.357647 0.325400 0.304879 -0.295108 -0.338103 -0.348852 -0.428981 -0.366442 -0.094786 0.025712 0.008520 198.133537 92.583574
0.290752 0.400396 0.404312 0.552136 0.279005 0.358301 0.325016 0.303479 -0.298584 -0.339700 -0.348511 -0.430744 -0.368090 -0.038914 -0.021598 0.008535 198.078589 92.607992
0.288555 0.401043 0.404956 0.551679 0.278774 0.358004 0.324747 0.303228 -0.298337 -0.339419 -0.348223 -0.431366 -0.367786 -0.038882 -0.021581 0.008528 197.936516 92.610864
0.285121 0.399758 0.403677 0.550647 0.277283 0.357627 0.327253 0.306677 -0.303738 -0.339010 -0.347829 -0.430132 -0.365465 -0.094551 0.029271 0.008512 197.855660 92.624774
0.290674 0.399310 0.406161 0.548072 0.277951 0.357226 0.324928 0.303397 -0.298504 -0.339609 -0.348417 -0.428671 -0.365055 -0.094445 0.022327 0.012815 197.734705 92.668476
0.294770 0.401160 0.407016 0.546592 0.277200 0.356261 0.324051 0.302578 -0.297698 -0.338692 -0.347477 -0.429466 -0.365046 -0.094434 0.029221 0.008510 197.686560 92.706810
0.295656 0.401387 0.407261 0.548236 0.278034 0.357333 0.325026 0.303488 -0.298593 -0.339711 -0.348522 -0.429778 -0.368101 -0.038915 -0.022333 0.012788 197.464996 92.728468
0.295367 0.401973 0.407842 0.547701 0.277763 0.356984 0.324708 0.303192 -0.298301 -0.339379 -0.348181 -0.430336 -0.367742 -0.038877 -0.022311 0.012837 197.371005 92.743514
0.286215 0.397957 0.405798 0.541064 0.287195 0.351888 0.322482 0.302878 -0.316601 -0.160261 -0.471471 -0.431283 -0.360710 -0.039085 -0.022483 0.012222 197.140560 92.995876
0.289409 0.396960 0.404782 0.541664 0.287454 0.351984 0.322652 0.303097 -0.316786 -0.160348 -0.473223 -0.430203 -0.359806 -0.038865 -0.022305 0.012222 197.056932 93.018544
0.289614 0.397241 0.405069 0.542048 0.283744 0.352234 0.322881 0.303312 -0.317010 -0.160462 -0.473559 -0.430508 -0.360061 -0.038892 -0.022320 0.012475 196.962290 93.097618
0.291533 0.397189 0.405016 0.541977 0.283707 0.352187 0.322838 0.303273 -0.316969 -0.160441 -0.473496 -0.430451 -0.360014 -0.038887 -0.022317 0.012504 196.880989 93.104741
0.289695 0.397352 0.405182 0.540242 0.286759 0.351353 0.321992 0.302418 -0.316120 -0.160507 -0.473691 -0.430628 -0.360162 -0.038903 -0.022265 0.019085 196.732339 93.113283
0.289175 0.396639 0.404454 0.539272 0.286244 0.350722 0.321414 0.301875 -0.315552 -0.169011 -0.471863 -0.429855 -0.359515 -0.038833 -0.022225 0.017463 196.691942 93.182634
0.286457 0.397911 0.401822 0.541628 0.283524 0.350983 0.321653 0.302099 -0.315787 -0.159849 -0.479057 -0.429196 -0.360760 -0.038862 -0.022242 0.019065 196.691185 93.219028
0.286595 0.396147 0.402016 0.541890 0.283661 0.351153 0.321809 0.302246 -0.315940 -0.159926 -0.479289 -0.429404 -0.360934 -0.038881 -0.022253 0.019074 196.645159 93.230828
0.288654 0.394330 0.402158 0.542082 0.283761 0.351277 0.321922 0.302353 -0.316051 -0.159983 -0.479459 -0.429556 -0.361062 -0.038895 -0.022261 0.019080 196.466236 93.249814
0.290572 0.394279 0.402105 0.542011 0.283724 0.351231 0.321880 0.302313 -0.316010 -0.159962 -0.479396 -0.429499 -0.361014 -0.038890 -0.022258 0.019078 196.410569 93.255104
0.287711 0.394993 0.402796 0.538361 0.285761 0.350130 0.320871 0.301365 -0.315019 -0.159460 -0.477893 -0.428153 -0.373537 -0.038524 0.008168 0.013319 196.020864 93.278609
0.287509 0.395080 0.402904 0.537857 0.285553 0.350096 0.320758 0.301200 -0.314891 -0.159401 -0.478204 -0.428330 -0.373566 -0.038506 0.008160 0.013324 195.962325 93.292969
0.288892 0.396981 0.403859 0.544374 0.268257 0.356693 0.320336 0.303631 -0.316405 -0.160168 -0.477556 -0.432355 -0.361606 -0.038937 -0.022293 0.019530 195.901530 93.431427
0.288391 0.398486 0.404332 0.547553 0.289365 0.354643 0.324440 0.303980 -0.316645 -0.169040 -0.472532 -0.514427 -0.145170 -0.135427 0.023018 0.000001 195.863274 93.473531
0.286800 0.396058 0.405813 0.546286 0.289727 0.354111 0.324845 0.304360 -0.318017 -0.158521 -0.479952 -0.515070 -0.145351 -0.136084 0.020791 0.000001 195.801402 93.496300
0.287844 0.396151 0.405909 0.546415 0.288820 0.354194 0.324922 0.303456 -0.316140 -0.162461 -0.479089 -0.513240 -0.145386 -0.136116 0.020796 0.000000 195.790178 93.522881
0.287621 0.396212 0.405995 0.545892 0.288599 0.354145 0.324796 0.303273 -0.315991 -0.162398 -0.479368 -0.512630 -0.147234 -0.135984 0.020789 0.000000 195.766255 93.531727
0.287368 0.395864 0.405638 0.545413 0.289323 0.353834 0.324511 0.303007 -0.315714 -0.162255 -0.479924 -0.514135 -0.145150 -0.135864 0.020771 0.000001 195.750066 93.546550
0.287474 0.396010 0.405788 0.545614 0.288452 0.353964 0.324630 0.303119 -0.315830 -0.162315 -0.480101 -0.514324 -0.143248 -0.138359 0.021084 0.000000 195.725060 93.559680
0.287482 0.396021 0.405799 0.545629 0.288460 0.353974 0.324639 0.303127 -0.315839 -0.162320 -0.480114 -0.514338 -0.143252 -0.137874 0.021451 0.000000 195.720137 93.563315
0.289045 0.397437 0.401343 0.548795 0.282210 0.355447 0.325176 0.304669 -0.317364 -0.169423 -0.473604 -0.519500 -0.143546 -0.138175 0.021422 0.000047 195.719395 93.653426
0.288919 0.397631 0.401548 0.548456 0.282063 0.355517 0.325156 0.304589 -0.317321 -0.169434 -0.474023 -0.519075 -0.143480 -0.138093 0.021424 0.000047 195.698784 93.660632
0.288789 0.397452 0.402347 0.548209 0.281936 0.355357 0.325010 0.304452 -0.317178 -0.169358 -0.473810 -0.518841 -0.143416 -0.139500 0.023128 0.000000 195.683846 93.668975
0.288458 0.397975 0.401886 0.547582 0.281614 0.355928 0.324638 0.303126 -0.315838 -0.162319 -0.480112 -0.518247 -0.143251 -0.139340 0.023101 0.000000 195.676257 93.684785
0.288422 0.397925 0.401836 0.547514 0.281579 0.355884 0.324598 0.303088 -0.317754 -0.162299 -0.480052 -0.518183 -0.143234 -0.138834 0.023098 0.000001 195.628692 93.692166
0.289685 0.398317 0.402231 0.550010 0.276962 0.356234 0.325896 0.305344 -0.316109 -0.169798 -0.474653 -0.516735 -0.145821 -0.136524 0.023121 0.000000 195.628382 93.745513
0.289566 0.398154 0.402067 0.549785 0.276849 0.356088 0.325762 0.305219 -0.315979 -0.169729 -0.475437 -0.516524 -0.145761 -0.136468 0.020849 0.000000 195.625562 93.750422
0.289572 0.398161 0.402074 0.549795 0.276854 0.356095 0.325768 0.305224 -0.315985 -0.169732 -0.475446 -0.516533 -0.145764 -0.136470 0.023112 0.000000 195.613003 93.761908
0.289619 0.398226 0.402140 0.549884 0.275921 0.356153 0.325821 0.305274 -0.316037 -0.169760 -0.475523 -0.516617 -0.145788 -0.136493 0.023116 0.000000 195.581648 93.782051
0.286070 0.396022 0.400887 0.544895 0.281205 0.354182 0.319153 0.299692 -0.321099 -0.162495 -0.477756 -0.525434 -0.145467 -0.137683 0.021346 0.000047 195.576257 93.806685
0.285614 0.396142 0.401033 0.543840 0.280723 0.354083 0.318870 0.299308 -0.320826 -0.162370 -0.478305 -0.526234 -0.145252 -0.137427 0.021335 0.000047 195.542108 93.841861
0.288518 0.396713 0.400612 0.547795 0.275847 0.354800 0.324583 0.304114 -0.316785 -0.165703 -0.481514 -0.518553 -0.145234 -0.135487 0.021627 0.000097 195.415563 93.896078
0.288316 0.396800 0.400710 0.547311 0.275610 0.354775 0.324477 0.303953 -0.316659 -0.166637 -0.481829 -0.517991 -0.145135 -0.135362 0.021624 0.000097 195.343394 93.915118
0.287397 0.395537 0.399433 0.545568 0.280578 0.353645 0.318573 0.299088 -0.321495 -0.162696 -0.490037 -0.514392 -0.140776 -0.137366 0.021129 0.000000 195.288742 93.917134
0.286638 0.398162 0.403054 0.541970 0.276855 0.353161 0.320878 0.300334 -0.322834 -0.162395 -0.474468 -0.530231 -0.144297 -0.138917 0.021522 0.000031 195.278288 93.924105
0.286606 0.398119 0.403009 0.541911 0.276824 0.353122 0.320842 0.300301 -0.322799 -0.162867 -0.474417 -0.530173 -0.144281 -0.138412 0.021092 0.000000 195.273537 93.928781
0.286563 0.398058 0.402949 0.541829 0.276783 0.353069 0.320794 0.300255 -0.322750 -0.163331 -0.474345 -0.530093 -0.144260 -0.138880 0.021517 0.000031 195.270236 93.934992
0.286227 0.396615 0.400522 0.539240 0.281343 0.353632 0.317487 0.300880 -0.321395 -0.165582 -0.478673 -0.527517 -0.145556 -0.136764 0.021125 0.000035 195.216279 93.936787
0.286724 0.396928 0.403754 0.540290 0.275996 0.352066 0.319883 0.299402 -0.321833 -0.162867 -0.478849 -0.526636 -0.145800 -0.137998 0.021456 0.000031 195.159089 94.026458
0.285645 0.397164 0.402055 0.539986 0.275863 0.352165 0.319883 0.299340 -0.321840 -0.162876 -0.480314 -0.528248 -0.143801 -0.138420 0.021093 0.000000 195.103205 94.056576
0.286610 0.397145 0.402036 0.539961 0.275850 0.352148 0.319868 0.299326 -0.321825 -0.162869 -0.480291 -0.528223 -0.143794 -0.137925 0.021459 0.000000 195.098774 94.061608
0.287581 0.396157 0.402026 0.539948 0.274865 0.353118 0.317904 0.300297 -0.321817 -0.166288 -0.483214 -0.520384 -0.148681 -0.138900 0.021703 0.000097 195.009056 94.093379
0.285515 0.396983 0.403827 0.539740 0.273781 0.352005 0.319737 0.299204 -0.321693 -0.162802 -0.480095 -0.528007 -0.143735 -0.138357 0.021084 0.000000 194.969705 94.102787
0.287325 0.395806 0.401669 0.539468 0.274621 0.352804 0.317622 0.301008 -0.325440 -0.166141 -0.478876 -0.527741 -0.148549 -0.129492 0.020157 0.000001 194.923408 94.127832
0.287502 0.398005 0.401917 0.541756 0.266966 0.354977 0.318795 0.302171 -0.322707 -0.163309 -0.480148 -0.528065 -0.146196 -0.138373 0.021453 0.000047 194.791435 94.186014
0.287084 0.397426 0.401332 0.540969 0.266578 0.354461 0.318332 0.301732 -0.326143 -0.166489 -0.479450 -0.529251 -0.145983 -0.129872 0.020201 0.000001 194.727102 94.256689
0.287628 0.398178 0.402092 0.541992 0.267083 0.355132 0.319912 0.300346 -0.322847 -0.163380 -0.492097 -0.516556 -0.141368 -0.130117 0.021217 0.000000 194.366306 94.268752
0.286806 0.397417 0.401332 0.540331 0.266250 0.354347 0.322045 0.301489 -0.328897 -0.166406 -0.492366 -0.514880 -0.141445 -0.139488 0.023187 0.000001 194.317407 94.322251
0.289977 0.396399 0.399328 0.540899 0.266544 0.354416 0.318291 0.301693 -0.327078 -0.165980 -0.490129 -0.515514 -0.148894 -0.146453 0.026300 0.009153 194.233110 94.346646
0.287749 0.396389 0.406176 0.536348 0.268174 0.352346 0.321026 0.302430 -0.328856 -0.166385 -0.491326 -0.512859 -0.145343 -0.136045 0.023123 0.000001 194.090917 94.347869
0.290815 0.397545 0.403420 0.536588 0.268294 0.351524 0.320190 0.300607 -0.328024 -0.166460 -0.491546 -0.517004 -0.141491 -0.130230 0.021236 0.000001 194.026629 94.386629
0.290701 0.397390 0.403262 0.536378 0.268189 0.351386 0.320065 0.300489 -0.327895 -0.166395 -0.492332 -0.516802 -0.141435 -0.130179 0.021228 0.000001 193.984101 94.402099
0.290210 0.396718 0.402581 0.535472 0.267736 0.350793 0.319524 0.299981 -0.327341 -0.166113 -0.490523 -0.515929 -0.149014 -0.146571 0.026322 0.008550 193.892399 94.431129
0.288232 0.394732 0.404502 0.533474 0.270645 0.350764 0.318521 0.298980 -0.331223 -0.166589 -0.490484 -0.515887 -0.149001 -0.140696 0.025526 0.009252 193.735700 94.431814
0.290304 0.396847 0.402712 0.535646 0.267823 0.350907 0.319628 0.300079 -0.327448 -0.166168 -0.490683 -0.516097 -0.149062 -0.140754 0.030057 0.012157 193.568566 94.470843
0.288492 0.397043 0.401933 0.541778 0.266977 0.354992 0.318808 0.302183 -0.322720 -0.167227 -0.512440 -0.526131 -0.069678 -0.130066 0.021148 0.000000 193.537908 94.593333
0.285815 0.396422 0.402295 0.540308 0.266239 0.354333 0.319095 0.301476 -0.328883 -0.167378 -0.512901 -0.526605 -0.069741 -0.130183 0.021228 0.000001 193.306220 94.644679
0.288868 0.395603 0.401478 0.540526 0.266346 0.354476 0.322162 0.301598 -0.329016 -0.167446 -0.513108 -0.526817 -0.069769 -0.130236 0.021237 0.000001 193.116384 94.645118
0.288449 0.396984 0.400896 0.539742 0.265960 0.353962 0.319739 0.301161 -0.328539 -0.166225 -0.537787 -0.495742 -0.072112 -0.139336 0.023162 0.000000 193.053225 94.737500
0.288141 0.396560 0.402420 0.539165 0.265675 0.353583 0.319397 0.300838 -0.328187 -0.167024 -0.537211 -0.495211 -0.072035 -0.139187 0.023137 0.000000 193.028252 94.754783
0.288164 0.395615 0.401475 0.539208 0.265697 0.353611 0.321376 0.300862 -0.328214 -0.166549 -0.539208 -0.493297 -0.076437 -0.136267 0.021124 0.000000 192.874192 94.762958
0.290275 0.396807 0.402671 0.535591 0.267796 0.350871 0.319596 0.300048 -0.328392 -0.167128 -0.537546 -0.495520 -0.072080 -0.146603 0.026328 0.008338 192.575965 94.844660
0.288936 0.397288 0.404121 0.532971 0.266485 0.350433 0.320173 0.301626 -0.328958 -0.166431 -0.538828 -0.498806 -0.068330 -0.136171 0.021109 0.000001 192.453982 94.881576
0.286282 0.397070 0.405893 0.527465 0.257850 0.351970 0.319617 0.300008 -0.285302 -0.193633 -0.501974 -0.529426 -0.093630 -0.128435 0.021018 0.000000 192.235110 95.024459
0.285979 0.396271 0.405055 0.527059 0.257674 0.351373 0.319164 0.299643 -0.284027 -0.193255 -0.501683 -0.529012 -0.093455 -0.154214 0.024584 0.009120 192.090482 95.056187
0.285906 0.396548 0.405360 0.526773 0.257512 0.351508 0.319197 0.299614 -0.283948 -0.193868 -0.501315 -0.528731 -0.093507 -0.154213 0.024662 0.009149 192.054622 95.057230
0.289612 0.396260 0.405066 0.526389 0.257324 0.351252 0.318965 0.299396 -0.287655 -0.193238 -0.504864 -0.524433 -0.093439 -0.154101 0.024583 0.009112 191.773249 95.097251
0.285339 0.396739 0.405534 0.525728 0.257001 0.350811 0.319541 0.299997 -0.288271 -0.193483 -0.506184 -0.525728 -0.093566 -0.138272 0.024674 0.008978 191.765128 95.145905
0.292982 0.396503 0.405292 0.525415 0.256848 0.350602 0.319351 0.299819 -0.288099 -0.193368 -0.505883 -0.525415 -0.093510 -0.138190 0.024659 0.008484 191.418124 95.163505
0.285111 0.391785 0.399543 0.527552 0.263776 0.347176 0.316143 0.299657 -0.292869 -0.210924 -0.498459 -0.523673 -0.099643 -0.137707 0.024487 0.017092 191.138062 95.200890
0.284842 0.396047 0.404826 0.524811 0.256553 0.350199 0.318008 0.299474 -0.294597 -0.212168 -0.499448 -0.517007 -0.098280 -0.138519 0.024631 0.017193 191.075650 95.258298
0.286530 0.396057 0.404858 0.524164 0.256214 0.350095 0.317823 0.299243 -0.295331 -0.212697 -0.499716 -0.516341 -0.098281 -0.138375 0.024631 0.016380 190.946422 95.278459
0.284466 0.395907 0.404704 0.523965 0.256117 0.349962 0.317703 0.299129 -0.294242 -0.212128 -0.500504 -0.516145 -0.099710 -0.143699 0.036291 0.016679 190.925739 95.302876
0.285132 0.392914 0.405651 0.525191 0.256717 0.350781 0.318446 0.299829 -0.294930 -0.213114 -0.505595 -0.521272 -0.068343 -0.155794 0.025231 0.008390 190.821554 95.309955
0.286503 0.396019 0.413620 0.506513 0.266946 0.340283 0.319749 0.298237 -0.295303 -0.212677 -0.499669 -0.518247 -0.100472 -0.137873 0.024507 0.017112 190.336047 95.384070
0.286142 0.395520 0.413099 0.505875 0.266610 0.339855 0.319346 0.298838 -0.294931 -0.212409 -0.501969 -0.517595 -0.100589 -0.138676 0.025514 0.017640 190.182927 95.429519
0.290003 0.394835 0.413450 0.505545 0.266489 0.339969 0.319395 0.297841 -0.294901 -0.212603 -0.501626 -0.517302 -0.099688 -0.144022 0.036373 0.017207 190.044295 95.450460
0.293426 0.391235 0.412753 0.506650 0.267018 0.340375 0.319835 0.298317 -0.295383 -0.212734 -0.502737 -0.518387 -0.098542 -0.138888 0.024697 0.017239 189.984197 95.461833
0.294423 0.388326 0.413758 0.506682 0.267035 0.340396 0.318877 0.302249 -0.295402 -0.212748 -0.502770 -0.518420 -0.100505 -0.138897 0.024698 0.017240 189.680635 95.490334
0.291460 0.388287 0.413716 0.506632 0.267009 0.340362 0.318845 0.302218 -0.295372 -0.211749 -0.502719 -0.526193 -0.088269 -0.138884 0.027630 0.015710 189.483373 95.528480
0.291454 0.388280 0.413709 0.506622 0.267003 0.340356 0.318839 0.302213 -0.295366 -0.211744 -0.502710 -0.526182 -0.088268 -0.138881 0.024695 0.017238 189.482088 95.528642
0.290709 0.388591 0.414040 0.505070 0.266238 0.340629 0.319095 0.301476 -0.294624 -0.211425 -0.507028 -0.516816 -0.100084 -0.142418 0.039642 0.015783 189.141738 95.563768
0.295609 0.394145 0.413657 0.501462 0.265365 0.340487 0.318048 0.300487 -0.356097 -0.193170 -0.536584 -0.493657 -0.068536 -0.130731 0.026280 0.012835 188.943711 95.654272
0.296368 0.395158 0.413742 0.495903 0.273872 0.332558 0.320821 0.297346 -0.357011 -0.190732 -0.537962 -0.494925 -0.068957 -0.131067 0.026348 0.012868 188.780833 95.655253
0.296368 0.395158 0.413742 0.495903 0.273872 0.332558 0.320821 0.297346 -0.357011 -0.190732 -0.537962 -0.494925 -0.068957 -0.131067 0.026348 0.013082 188.778097 95.656038
0.295677 0.393583 0.414143 0.495405 0.274137 0.332881 0.321132 0.297635 -0.357358 -0.190917 -0.538484 -0.495405 -0.069024 -0.130705 0.025394 0.012789 188.734804 95.671279
0.296131 0.394842 0.413411 0.495507 0.273653 0.332293 0.320565 0.297109 -0.356726 -0.193512 -0.537532 -0.494530 -0.068658 -0.130962 0.026327 0.012858 188.700310 95.680773
0.296125 0.394834 0.413402 0.495497 0.273647 0.332286 0.320558 0.297102 -0.356718 -0.193508 -0.537521 -0.494519 -0.068900 -0.130471 0.025349 0.015820 188.653376 95.693213
0.296125 0.394834 0.413403 0.495497 0.273647 0.332286 0.320558 0.297103 -0.356718 -0.193508 -0.537521 -0.494519 -0.068900 -0.130471 0.025349 0.016248 188.642052 95.694820
0.296125 0.394834 0.413403 0.495497 0.273647 0.332286 0.320558 0.297103 -0.356719 -0.193508 -0.537521 -0.494519 -0.068900 -0.130471 0.025349 0.016981 188.621943 95.697574
0.295536 0.394048 0.412580 0.494510 0.273102 0.331624 0.319920 0.296511 -0.352107 -0.193122 -0.536451 -0.493535 -0.082662 -0.137039 0.036332 0.017496 188.362184 95.738436
0.295756 0.394668 0.413275 0.494559 0.273231 0.331991 0.320239 0.296735 -0.352557 -0.202720 -0.532752 -0.493579 -0.068553 -0.144450 0.036480 0.016649 188.310703 95.741607
0.295236 0.393648 0.412346 0.495012 0.272601 0.331648 0.319839 0.296220 -0.352315 -0.192887 -0.539297 -0.495996 -0.068888 -0.145158 0.036658 0.020174 188.196369 95.786263
0.295065 0.393746 0.412310 0.493404 0.272593 0.331216 0.319491 0.296042 -0.351734 -0.202247 -0.535417 -0.494381 -0.069370 -0.143625 0.036395 0.019724 187.840128 95.828902
0.295066 0.393746 0.412310 0.493404 0.272594 0.331216 0.319492 0.296043 -0.351734 -0.202247 -0.535417 -0.494381 -0.069370 -0.143625 0.036395 0.021373 187.767406 95.834457
0.294234 0.392637 0.411148 0.492014 0.271826 0.330283 0.318591 0.295208 -0.353665 -0.190960 -0.530011 -0.516371 -0.068444 -0.136400 0.017233 0.035196 187.540136 95.878774
0.294138 0.392184 0.410813 0.492191 0.271588 0.330415 0.318650 0.295119 -0.351985 -0.202955 -0.537292 -0.496113 -0.069613 -0.144128 0.018261 0.034929 186.876231 95.942712
0.294044 0.392710 0.411271 0.491376 0.271576 0.330189 0.318467 0.295021 -0.351681 -0.202705 -0.537290 -0.496261 -0.069604 -0.144091 0.018256 0.035168 186.846958 95.946249
0.293430 0.391241 0.409825 0.491007 0.270934 0.329620 0.317883 0.294409 -0.351138 -0.191708 -0.532087 -0.518394 -0.068712 -0.136934 0.025125 0.035334 186.401401 95.987806
0.284549 0.393318 0.410799 0.503059 0.265126 0.337962 0.317568 0.296203 -0.293289 -0.191318 -0.672040 -0.321453 -0.102214 -0.177722 0.024340 0.016995 185.949226 96.037155
0.292916 0.391204 0.409694 0.489492 0.270534 0.328923 0.317245 0.293890 -0.352278 -0.205820 -0.527444 -0.513820 -0.068120 -0.135754 0.017152 0.039169 185.867126 96.040038
0.292200 0.390903 0.409471 0.489606 0.270700 0.328359 0.316632 0.293177 -0.352790 -0.205713 -0.527719 -0.514038 -0.068164 -0.135839 0.017163 0.039212 185.827737 96.040874
0.307168 0.379557 0.465643 0.445100 0.274886 0.331624 0.313037 0.292494 -0.322819 -0.203963 -0.506729 -0.526293 -0.070189 -0.139399 0.036439 0.023906 185.500466 96.077614
0.306301 0.378717 0.465812 0.445261 0.274985 0.331744 0.313151 0.292600 -0.322937 -0.204037 -0.506913 -0.526485 -0.070214 -0.139450 0.036453 0.023914 185.441074 96.086635
0.305247 0.378624 0.465697 0.445152 0.274918 0.331663 0.312095 0.292528 -0.326771 -0.203987 -0.506788 -0.526355 -0.070197 -0.139416 0.036444 0.023847 185.360002 96.097792
0.303968 0.378250 0.465237 0.444712 0.274646 0.331335 0.311787 0.292239 -0.329380 -0.206229 -0.506288 -0.525835 -0.070128 -0.139278 0.017471 0.036163 185.152326 96.130693
0.303934 0.378207 0.465185 0.444662 0.274616 0.331298 0.311752 0.292207 -0.328366 -0.205229 -0.512095 -0.519913 -0.070120 -0.138774 0.018141 0.035549 185.098645 96.151802
0.303866 0.378123 0.465082 0.444563 0.274554 0.331224 0.311683 0.292142 -0.329270 -0.205672 -0.511981 -0.519797 -0.070104 -0.138743 0.018137 0.036640 185.015881 96.163306
0.302998 0.377281 0.465249 0.444723 0.274653 0.331343 0.311795 0.292247 -0.329388 -0.205745 -0.512164 -0.519984 -0.070129 -0.138793 0.017532 0.038119 184.888316 96.175110
0.303724 0.378681 0.464347 0.442930 0.273546 0.330981 0.311511 0.291068 -0.329034 -0.190801 -0.529569 -0.512047 -0.068143 -0.159163 0.037600 0.034923 184.720623 96.227487
0.307367 0.380783 0.465945 0.433642 0.276043 0.329881 0.308346 0.297579 -0.333797 -0.205564 -0.509016 -0.528593 -0.069990 -0.139490 0.025328 0.036830 184.492189 96.248810
0.307062 0.380405 0.469394 0.431256 0.277725 0.327598 0.312930 0.293371 -0.334443 -0.205360 -0.510466 -0.526113 -0.065275 -0.143752 0.028543 0.035938 184.351336 96.263271
0.308695 0.379030 0.466950 0.432759 0.277435 0.327256 0.312602 0.297949 -0.335071 -0.206122 -0.513840 -0.521655 -0.070336 -0.139206 0.025277 0.036633 184.227597 96.304939
0.307208 0.380585 0.467660 0.430482 0.276878 0.326775 0.310143 0.292532 -0.329710 -0.205946 -0.512665 -0.526362 -0.069220 -0.137950 0.025315 0.039624 184.145638 96.309886
0.307195 0.380570 0.466663 0.445139 0.274910 0.332632 0.313065 0.292520 -0.322848 -0.196644 -0.620260 -0.370786 -0.087805 -0.152130 0.028310 0.017060 184.070745 96.362178
0.305185 0.380503 0.466581 0.445061 0.274862 0.332573 0.313010 0.292469 -0.328661 -0.196609 -0.620151 -0.370721 -0.086322 -0.152103 0.028305 0.019013 183.982406 96.380957
0.305939 0.381443 0.466753 0.446161 0.274561 0.333395 0.313784 0.293192 -0.330454 -0.197095 -0.621684 -0.371638 -0.069866 -0.160814 0.036894 0.018386 183.957576 96.386933
0.304632 0.379076 0.466254 0.445684 0.275247 0.332059 0.312469 0.292878 -0.329120 -0.196885 -0.621019 -0.371240 -0.082770 -0.160152 0.037834 0.019040 183.907559 96.421588
0.305327 0.380440 0.465307 0.444822 0.274112 0.332641 0.313131 0.292646 -0.328739 -0.205340 -0.620410 -0.370685 -0.069503 -0.159980 0.036703 0.018351 183.904064 96.471479
0.307053 0.380394 0.465469 0.444933 0.273805 0.332478 0.312920 0.292385 -0.328566 -0.205354 -0.619973 -0.370615 -0.069429 -0.159883 0.036670 0.018335 183.871499 96.477480
0.304330 0.378700 0.465791 0.445241 0.274973 0.331729 0.312158 0.291609 -0.329772 -0.205496 -0.620402 -0.370871 -0.069722 -0.159993 0.036451 0.017247 183.862746 96.481441
0.304330 0.378700 0.465791 0.445241 0.274973 0.331729 0.312158 0.292587 -0.329772 -0.205496 -0.620402 -0.370871 -0.069722 -0.159993 0.036451 0.017553 183.857129 96.481654
0.304325 0.378694 0.465783 0.445234 0.274969 0.331724 0.312153 0.292582 -0.329767 -0.205493 -0.620392 -0.370865 -0.069721 -0.160480 0.036817 0.018348 183.841262 96.485013
0.304135 0.379435 0.465493 0.443979 0.273819 0.331517 0.311959 0.291422 -0.327605 -0.203898 -0.620005 -0.369656 -0.082390 -0.158913 0.036428 0.021453 183.793492 96.499423
0.306764 0.379059 0.465031 0.444515 0.273548 0.332165 0.312626 0.292110 -0.329234 -0.206138 -0.621344 -0.370266 -0.069608 -0.159732 0.036392 0.015753 183.790933 96.519397
0.305841 0.378148 0.465112 0.444593 0.274573 0.331246 0.312681 0.292161 -0.329292 -0.205685 -0.621453 -0.371308 -0.069620 -0.160249 0.036764 0.018321 183.726806 96.530466
0.305876 0.378192 0.465166 0.444644 0.273627 0.332261 0.312717 0.292195 -0.329330 -0.205709 -0.621524 -0.371351 -0.069628 -0.159779 0.036646 0.017529 183.708380 96.532976
0.305871 0.378185 0.465158 0.444636 0.273622 0.332256 0.312711 0.292190 -0.329324 -0.205705 -0.621514 -0.371345 -0.069627 -0.160265 0.036768 0.018323 183.693948 96.535567
0.305876 0.378192 0.465166 0.444644 0.273627 0.332262 0.312717 0.292195 -0.329330 -0.205709 -0.621525 -0.371351 -0.069628 -0.159779 0.036646 0.019178 183.680373 96.538493
0.305960 0.378295 0.465294 0.443788 0.273702 0.332353 0.312802 0.292275 -0.329420 -0.205765 -0.621695 -0.371453 -0.069647 -0.160311 0.036779 0.018328 183.643274 96.544792
0.306666 0.379914 0.463906 0.442420 0.274437 0.331082 0.311549 0.292016 -0.327176 -0.204119 -0.621145 -0.370148 -0.082526 -0.159193 0.036502 0.024904 183.615152 96.546814
0.306047 0.378403 0.465426 0.442937 0.273780 0.332447 0.312892 0.292358 -0.329514 -0.205824 -0.621872 -0.371559 -0.069667 -0.160357 0.036789 0.018333 183.590675 96.554576
0.305744 0.378028 0.464965 0.444452 0.273509 0.332118 0.312581 0.292068 -0.333095 -0.205620 -0.621255 -0.371190 -0.069598 -0.160198 0.036753 0.018315 183.515356 96.556933
0.306052 0.376454 0.465434 0.444900 0.273785 0.332453 0.312897 0.292363 -0.329519 -0.205827 -0.621882 -0.371565 -0.069668 -0.160360 0.036790 0.017784 183.488426 96.557381
0.304951 0.378257 0.464269 0.442766 0.274652 0.331341 0.311793 0.292245 -0.327432 -0.204278 -0.621631 -0.370438 -0.082591 -0.159317 0.036531 0.024924 183.406866 96.564379
0.303893 0.378156 0.465123 0.442648 0.273602 0.331253 0.311710 0.292167 -0.328322 -0.204224 -0.621466 -0.370339 -0.082569 -0.159275 0.036521 0.025284 183.406277 96.575344
0.308889 0.377314 0.464311 0.442806 0.273699 0.330394 0.311821 0.290316 -0.327461 -0.204297 -0.621688 -0.370471 -0.082598 -0.159332 0.036534 0.025293 183.353793 96.610054
0.306246 0.380606 0.465729 0.433441 0.275915 0.332663 0.311138 0.293527 -0.336577 -0.204979 -0.622276 -0.371800 -0.082921 -0.137468 0.036446 0.017550 183.115092 96.654466
0.309181 0.379851 0.467207 0.432853 0.276790 0.330774 0.309181 0.298384 -0.335682 -0.206121 -0.622288 -0.371998 -0.069934 -0.160480 0.036807 0.019262 183.005449 96.662186
0.308949 0.380320 0.468312 0.431160 0.275708 0.329480 0.307971 0.297217 -0.333391 -0.204336 -0.621809 -0.370543 -0.082615 -0.159363 0.036541 0.024931 182.970248 96.673474
0.306422 0.380588 0.467440 0.430357 0.276170 0.332770 0.313253 0.293736 -0.336674 -0.204932 -0.622603 -0.371805 -0.082949 -0.137597 0.036473 0.018297 182.913890 96.678815
0.307316 0.380720 0.466847 0.429656 0.275997 0.332763 0.313189 0.293614 -0.336678 -0.206019 -0.622462 -0.371911 -0.082946 -0.137999 0.037558 0.018901 182.813190 96.704781
0.307147 0.380510 0.466590 0.429419 0.276824 0.326710 0.307147 0.294431 -0.337470 -0.205417 -0.624076 -0.368772 -0.083145 -0.158953 0.025677 0.036192 182.689608 96.747016
0.306690 0.379944 0.465895 0.428780 0.276412 0.326224 0.306690 0.293993 -0.336968 -0.206088 -0.623147 -0.372130 -0.083021 -0.160182 0.028020 0.037848 182.606782 96.787804
0.307085 0.379455 0.465517 0.429332 0.276767 0.326644 0.307085 0.294371 -0.337402 -0.206353 -0.623949 -0.370653 -0.083128 -0.160388 0.028056 0.037897 182.542131 96.789558
0.306340 0.380723 0.465872 0.428681 0.276000 0.325915 0.306340 0.289702 -0.340596 -0.189872 -0.663574 -0.322000 -0.104479 -0.160511 0.017739 0.049793 182.265307 96.846198
0.307907 0.383174 0.454530 0.431070 0.277605 0.327457 0.306930 0.297155 -0.343097 -0.191098 -0.668599 -0.323547 -0.105080 -0.145645 0.025292 0.036656 182.189004 96.897384
0.308892 0.377318 0.471159 0.419351 0.281522 0.322578 0.304982 0.291297 -0.341150 -0.190125 -0.664705 -0.322578 -0.104593 -0.160800 0.018634 0.049853 181.699952 96.934625
0.308231 0.376510 0.470150 0.418453 0.280920 0.321887 0.307256 0.290674 -0.342371 -0.190694 -0.667184 -0.321887 -0.104369 -0.160456 0.018594 0.049868 181.372835 96.997846
0.313086 0.378639 0.469629 0.414839 0.274929 0.328740 0.307216 0.293518 -0.340481 -0.206930 -0.628129 -0.370811 -0.083653 -0.161435 0.044028 0.036323 181.305087 97.017676
0.308463 0.375605 0.469020 0.417447 0.280244 0.321113 0.306517 0.296786 -0.353224 -0.190722 -0.665580 -0.324032 -0.104362 -0.160070 0.018549 0.049627 180.991383 97.060207
0.309732 0.378886 0.469468 0.408106 0.273694 0.323368 0.305836 0.296096 -0.352588 -0.188469 -0.635048 -0.386678 -0.082790 -0.157788 0.036647 0.050404 180.977040 97.108972
0.305854 0.380118 0.470995 0.409433 0.273607 0.323443 0.307808 0.298036 -0.354712 -0.189571 -0.668383 -0.324420 -0.104801 -0.160744 0.026261 0.050080 180.892163 97.164981
0.305762 0.380004 0.470854 0.409311 0.273525 0.323346 0.307716 0.297947 -0.354606 -0.189514 -0.668182 -0.325299 -0.104770 -0.161184 0.026254 0.050065 180.835093 97.166239
0.309714 0.376916 0.471389 0.410030 0.273678 0.323349 0.307766 0.298027 -0.354515 -0.189919 -0.668125 -0.325297 -0.104942 -0.161188 0.026296 0.050158 180.649412 97.199529
0.309930 0.376414 0.471250 0.409655 0.273755 0.322640 0.306997 0.297220 -0.353927 -0.193584 -0.666790 -0.324596 -0.104858 -0.160342 0.027253 0.051696 180.581170 97.230174
0.310351 0.376925 0.470911 0.409233 0.273148 0.323078 0.307414 0.297624 -0.354407 -0.193847 -0.665737 -0.326015 -0.104756 -0.160560 0.027229 0.051521 180.544841 97.230563
0.309740 0.376182 0.470960 0.409403 0.273587 0.323419 0.307785 0.298014 -0.354686 -0.191511 -0.668334 -0.325373 -0.104794 -0.160732 0.027237 0.051298 180.461667 97.236015
0.309370 0.375943 0.470908 0.409230 0.273146 0.323076 0.307412 0.297622 -0.354405 -0.193846 -0.667691 -0.325034 -0.104021 -0.160559 0.027229 0.052133 180.389513 97.257260
0.310207 0.377729 0.467757 0.405129 0.277914 0.317057 0.308250 0.295529 -0.356200 -0.194247 -0.669343 -0.325864 -0.105196 -0.161464 0.026360 0.058959 180.149857 97.284610
0.309049 0.377509 0.468463 0.403915 0.278731 0.315895 0.305137 0.292423 -0.355993 -0.194134 -0.668954 -0.325675 -0.104891 -0.180442 0.043766 0.063326 180.035275 97.292068
0.310609 0.378982 0.468844 0.400471 0.278376 0.317447 0.305725 0.292051 -0.355540 -0.191445 -0.672010 -0.325261 -0.104757 -0.180212 0.043710 0.063245 179.843675 97.295502
0.310087 0.376604 0.466597 0.403993 0.278784 0.315956 0.305196 0.292479 -0.356061 -0.191725 -0.672995 -0.325738 -0.104911 -0.180476 0.043774 0.063338 179.720477 97.313214
0.309731 0.377149 0.467040 0.404507 0.274557 0.316571 0.307777 0.288236 -0.357608 -0.190529 -0.672224 -0.326341 -0.107966 -0.179781 0.037251 0.070105 179.685313 97.316318
0.308842 0.378454 0.468655 0.400024 0.274526 0.317666 0.305901 0.292174 -0.357864 -0.190698 -0.672589 -0.326490 -0.108095 -0.179913 0.037257 0.070102 179.620942 97.339847
0.309122 0.378577 0.467597 0.400098 0.274884 0.317927 0.306188 0.292492 -0.358034 -0.190756 -0.673026 -0.326731 -0.108095 -0.179995 0.037295 0.070188 179.544790 97.340603
0.311513 0.379105 0.468249 0.398697 0.274288 0.317391 0.305635 0.291921 -0.356575 -0.192002 -0.673965 -0.326207 -0.102858 -0.179267 0.036857 0.072001 179.391911 97.354064
0.310911 0.376417 0.468322 0.399882 0.273758 0.316777 0.305045 0.291357 -0.357841 -0.192608 -0.676574 -0.323621 -0.102904 -0.178921 0.037397 0.071128 179.200399 97.402774
0.311125 0.376676 0.467665 0.399179 0.273946 0.316995 0.305254 0.291557 -0.358087 -0.192741 -0.677038 -0.323844 -0.102974 -0.179043 0.037423 0.071177 179.067594 97.407455
0.310706 0.376170 0.468014 0.398642 0.273578 0.316569 0.304844 0.291165 -0.357605 -0.195413 -0.676128 -0.323408 -0.102836 -0.178803 0.037373 0.071081 178.854073 97.425397
0.312971 0.377522 0.470435 0.392192 0.270916 0.318839 0.311993 0.295367 -0.370675 -0.177024 -0.686581 -0.324708 -0.104650 -0.179958 0.037165 0.070174 178.796968 97.434772
0.310377 0.380114 0.470477 0.390918 0.270107 0.318235 0.309395 0.296626 -0.359487 -0.191530 -0.675758 -0.328057 -0.104359 -0.179253 0.037078 0.070719 178.533918 97.457610
0.312179 0.375789 0.471693 0.391447 0.269120 0.319029 0.308264 0.294564 -0.373832 -0.190830 -0.677203 -0.323922 -0.103978 -0.178598 0.036820 0.069971 178.367509 97.478358
0.312958 0.377505 0.470414 0.391197 0.267970 0.318825 0.309046 0.294376 -0.377505 -0.190708 -0.676771 -0.323715 -0.103912 -0.178484 0.036919 0.070660 178.164270 97.483647
0.313060 0.376650 0.470568 0.391325 0.268058 0.318930 0.308168 0.294472 -0.377629 -0.190771 -0.676992 -0.323821 -0.103946 -0.178542 0.038766 0.070194 178.113797 97.497009
0.310811 0.378251 0.467194 0.389002 0.268783 0.316675 0.307879 0.295173 -0.375319 -0.191569 -0.682220 -0.322540 -0.103848 -0.178374 0.036774 0.069884 177.943416 97.523606
0.310839 0.378285 0.467236 0.389038 0.268807 0.316704 0.307907 0.295199 -0.377308 -0.190609 -0.682282 -0.322569 -0.103857 -0.178879 0.037266 0.070867 177.914968 97.527017
0.310001 0.377478 0.467447 0.389213 0.268928 0.316847 0.308045 0.295332 -0.377478 -0.190695 -0.682589 -0.322714 -0.103660 -0.178960 0.037283 0.070899 177.890575 97.536175
0.312271 0.375701 0.469382 0.390339 0.267382 0.318126 0.307392 0.293730 -0.376677 -0.198097 -0.675286 -0.323005 -0.103684 -0.178092 0.036716 0.070017 177.767884 97.542585
0.311137 0.375712 0.467684 0.389410 0.269065 0.317007 0.308202 0.295482 -0.377669 -0.190791 -0.682936 -0.322878 -0.103957 -0.178561 0.036935 0.070446 177.697794 97.559411
0.310407 0.375034 0.468058 0.388743 0.268301 0.316282 0.307469 0.294740 -0.377972 -0.190944 -0.683483 -0.323137 -0.104285 -0.179683 0.036842 0.070258 177.519577 97.574860
0.314910 0.361853 0.479211 0.392171 0.269923 0.319800 0.310998 0.297306 -0.382391 -0.192662 -0.676763 -0.330558 -0.089241 -0.155499 0.028056 0.050977 177.156113 97.634225
0.312890 0.360802 0.478136 0.391113 0.268890 0.318757 0.309957 0.296268 -0.381335 -0.192134 -0.686403 -0.321691 -0.090934 -0.160845 0.027989 0.050478 176.672534 97.686269
0.310716 0.360548 0.478777 0.387907 0.270656 0.317556 0.311694 0.297037 -0.388884 -0.191999 -0.685921 -0.324396 -0.084275 -0.168060 0.019786 0.063023 176.532145 97.742887
0.309986 0.359858 0.478181 0.388216 0.269893 0.316831 0.310964 0.296296 -0.389194 -0.201442 -0.678645 -0.330522 -0.075785 -0.161349 0.026219 0.049872 176.239587 97.764963
0.306035 0.348078 0.484963 0.390121 0.271814 0.316790 0.310924 0.293324 -0.388166 -0.192616 -0.688335 -0.322657 -0.091175 -0.161328 0.027621 0.049376 176.173910 97.796836
0.313041 0.346302 0.481301 0.396193 0.271955 0.317933 0.312063 0.297389 -0.387389 -0.194183 -0.686734 -0.321846 -0.090978 -0.160923 0.027208 0.051481 175.962246 97.831876
0.313043 0.346303 0.481303 0.396195 0.271956 0.317934 0.312064 0.295434 -0.387390 -0.194184 -0.686737 -0.321847 -0.090978 -0.160924 0.028064 0.052337 175.887550 97.836825
0.304212 0.346274 0.484196 0.389313 0.270954 0.317907 0.308125 0.298343 -0.396161 -0.193189 -0.690591 -0.323776 -0.083634 -0.161888 0.021764 0.047197 175.699764 97.857369
0.307021 0.348087 0.482042 0.390132 0.270843 0.317776 0.307999 0.298221 -0.395998 -0.193110 -0.690308 -0.323643 -0.083600 -0.161821 0.025667 0.047178 175.649820 97.865566
0.304224 0.346287 0.484215 0.389329 0.270965 0.315963 0.310093 0.291507 -0.390307 -0.197599 -0.686705 -0.326723 -0.083393 -0.162872 0.024883 0.050989 175.551888 97.875480
0.304398 0.346486 0.483514 0.389552 0.270141 0.316144 0.310271 0.292653 -0.390530 -0.197712 -0.687099 -0.326910 -0.083440 -0.161498 0.025632 0.049673 175.508678 97.889061
0.312847 0.349020 0.479047 0.388126 0.270808 0.315780 0.308936 0.298182 -0.387148 -0.174999 -0.692174 -0.349020 -0.080656 -0.156423 -0.000000 0.073568 175.226808 97.901395
0.310954 0.349089 0.479142 0.388203 0.268906 0.318776 0.309976 0.298242 -0.387225 -0.175523 -0.692312 -0.349089 -0.080672 -0.156455 -0.000000 0.074071 175.130182 97.904851
0.304247 0.346313 0.479359 0.388379 0.270007 0.315986 0.307181 0.296420 -0.390336 -0.198592 -0.686756 -0.326747 -0.107122 -0.135003 0.029471 0.046958 174.975057 97.954946
0.307180 0.348267 0.477400 0.389355 0.268048 0.315984 0.308158 0.294462 -0.392290 -0.201036 -0.690665 -0.323810 -0.083643 -0.161905 0.000000 0.070925 174.608226 97.987216
0.309928 0.348058 0.477113 0.390099 0.267887 0.315794 0.307973 0.294285 -0.392054 -0.200915 -0.690250 -0.323616 -0.083593 -0.161808 0.000000 0.073327 174.553475 98.002754
0.311953 0.348136 0.477220 0.389208 0.267947 0.315865 0.308041 0.294351 -0.392142 -0.200960 -0.690404 -0.323688 -0.083611 -0.160866 0.027993 0.047918 174.248858 98.003029
0.300341 0.346321 0.476436 0.387410 0.266100 0.314037 0.307189 0.289579 -0.399150 -0.198597 -0.682859 -0.346321 -0.079977 -0.155062 -0.000000 0.073373 174.159348 98.053489
0.299855 0.345761 0.475666 0.386784 0.265670 0.313529 0.307669 0.290088 -0.400458 -0.199252 -0.683709 -0.346738 -0.079847 -0.154811 -0.000000 0.073254 173.908506 98.089318
0.299058 0.344992 0.475952 0.387016 0.264852 0.313718 0.307854 0.289285 -0.399721 -0.199372 -0.684120 -0.346946 -0.080140 -0.155393 -0.000000 0.074276 173.870303 98.103304
0.299876 0.344956 0.475294 0.387095 0.265577 0.313596 0.307716 0.290076 -0.400815 -0.199427 -0.684031 -0.346915 -0.080114 -0.155328 -0.000000 0.074234 173.791155 98.106074
0.300092 0.345057 0.475065 0.387090 0.264902 0.313777 0.307912 0.290317 -0.400775 -0.199410 -0.684250 -0.347012 -0.080155 -0.155422 -0.000000 0.074290 173.769899 98.113518
0.298386 0.343388 0.476439 0.386434 0.266101 0.314039 0.307190 0.289581 -0.399152 -0.198109 -0.686776 -0.346323 -0.079733 -0.155552 -0.000000 0.073863 173.741245 98.117776
0.299751 0.344665 0.474524 0.386649 0.264601 0.313420 0.307562 0.289987 -0.400319 -0.199183 -0.683471 -0.350523 -0.080064 -0.155246 -0.000000 0.074450 173.632525 98.127551
0.295346 0.341310 0.476270 0.387275 0.266985 0.311971 0.306104 0.288500 -0.399011 -0.198527 -0.688489 -0.346200 -0.079704 -0.155497 -0.000000 0.073348 173.585005 98.141236
0.295747 0.341774 0.475937 0.385842 0.266368 0.312395 0.306519 0.288892 -0.398573 -0.198307 -0.689424 -0.346670 -0.079813 -0.155708 -0.000000 0.073692 173.445914 98.160110
0.299441 0.339563 0.476562 0.386534 0.266170 0.312163 0.306291 0.288677 -0.399255 -0.198649 -0.688911 -0.346413 -0.079753 -0.155592 -0.000000 0.073637 173.216010 98.189809
0.299336 0.334552 0.524327 0.308140 0.297380 0.293467 0.308140 0.293467 -0.354116 -0.317922 -0.551717 -0.435309 -0.068965 -0.144777 0.036928 0.033626 172.985318 98.193363
0.299351 0.335547 0.522397 0.309134 0.298373 0.293481 0.311090 0.294460 -0.354134 -0.317938 -0.551745 -0.435331 -0.069457 -0.144784 0.043044 0.036196 172.913486 98.198277
0.301440 0.334716 0.522626 0.309269 0.298504 0.293610 0.308291 0.293610 -0.354290 -0.317099 -0.551987 -0.435522 -0.069488 -0.144848 0.043063 0.033643 172.891541 98.202824
0.299352 0.335548 0.522399 0.309135 0.298374 0.293482 0.311091 0.294461 -0.354135 -0.317939 -0.551747 -0.435332 -0.069457 -0.144785 0.043289 0.049403 172.834233 98.231022
0.297366 0.335515 0.532128 0.294431 0.299322 0.294431 0.312039 0.293453 -0.361926 -0.318886 -0.549736 -0.434311 -0.069695 -0.144770 0.044140 0.033747 172.694224 98.236136
0.301863 0.335077 0.531435 0.294047 0.298932 0.294047 0.311632 0.293071 -0.361454 -0.317493 -0.550973 -0.434721 -0.069360 -0.144581 0.042984 0.033581 172.607296 98.263601
0.299382 0.334603 0.522450 0.307209 0.296446 0.293511 0.308187 0.293511 -0.357105 -0.342430 -0.536147 -0.431462 -0.069464 -0.138440 0.037912 0.035711 172.431645 98.309207
0.302163 0.331499 0.531964 0.294340 0.299230 0.294340 0.311942 0.293362 -0.361813 -0.318787 -0.551521 -0.435154 -0.069429 -0.144725 0.043026 0.033614 172.356578 98.321837
0.300457 0.335690 0.526534 0.293606 0.296542 0.294585 0.308287 0.294585 -0.362115 -0.319052 -0.553937 -0.436495 -0.069487 -0.144846 0.037068 0.033642 172.281868 98.328184
0.300552 0.335911 0.526457 0.293677 0.296623 0.294659 0.308410 0.294659 -0.361448 -0.319214 -0.553959 -0.436095 -0.069736 -0.145365 0.037078 0.038797 172.269446 98.331106
0.300695 0.333781 0.529378 0.292910 0.297775 0.292910 0.310426 0.291936 -0.358109 -0.343512 -0.537163 -0.432066 -0.068605 -0.142076 0.036614 0.019280 172.242595 98.345157
0.296920 0.335011 0.521563 0.306687 0.295943 0.291059 0.309617 0.287153 -0.356499 -0.341848 -0.539144 -0.430729 -0.068614 -0.142600 0.034673 0.049812 172.123987 98.351292
0.301173 0.334311 0.530220 0.293375 0.298249 0.293375 0.310919 0.292401 -0.360627 -0.341134 -0.538017 -0.429829 -0.068470 -0.142302 0.034601 0.049708 172.114278 98.379052
0.298384 0.337516 0.524373 0.290557 0.296427 0.291536 0.308167 0.289579 -0.360996 -0.346321 -0.538069 -0.432412 -0.069460 -0.143811 0.036931 0.019444 171.896417 98.392194
0.298524 0.334738 0.524619 0.292651 0.295588 0.291673 0.308312 0.288736 -0.360186 -0.345505 -0.540280 -0.433594 -0.065333 -0.141432 0.037193 0.012632 171.789629 98.428353
0.296556 0.334727 0.524601 0.292641 0.295578 0.291663 0.308301 0.288726 -0.360174 -0.345493 -0.540261 -0.434558 -0.065330 -0.141427 0.037192 0.012632 171.708921 98.428457
0.299115 0.334420 0.523696 0.290288 0.296173 0.291269 0.307941 0.289308 -0.362861 -0.341285 -0.543310 -0.436413 -0.069140 -0.127492 0.022127 0.007417 171.617808 98.438149
0.299129 0.334321 0.523965 0.290331 0.296197 0.291309 0.307927 0.289354 -0.362670 -0.341164 -0.543516 -0.435986 -0.069161 -0.128547 0.029449 0.012005 171.585097 98.452610
0.299156 0.334351 0.524012 0.290357 0.296223 0.291335 0.307955 0.289380 -0.360747 -0.346083 -0.541609 -0.432114 -0.069168 -0.143223 0.036783 0.014603 171.498103 98.467464
0.299157 0.334352 0.524013 0.290358 0.296224 0.291336 0.307956 0.288403 -0.360748 -0.346083 -0.541611 -0.432115 -0.069168 -0.143224 0.037028 0.020225 171.437736 98.476438
0.295920 0.333032 0.519569 0.303733 0.267598 0.315453 0.285177 0.278341 -0.359401 -0.351588 -0.539102 -0.434602 -0.068120 -0.154308 0.025148 0.000000 171.417671 98.526617
0.297799 0.332950 0.519440 0.303658 0.267531 0.315375 0.285106 0.278272 -0.359312 -0.351501 -0.538968 -0.434494 -0.068103 -0.154758 0.025142 0.000000 171.387811 98.531303
0.297228 0.332426 0.518194 0.303095 0.266919 0.314827 0.284518 0.276696 -0.358825 -0.351003 -0.539704 -0.439976 -0.061108 -0.161813 0.025115 0.000031 171.226207 98.579885
0.295837 0.335020 0.523102 0.288980 0.269388 0.316408 0.285061 0.278204 -0.363429 -0.345796 -0.544653 -0.436898 -0.068571 -0.163592 0.025286 0.000001 171.075456 98.581187
0.296589 0.331711 0.517079 0.302442 0.266345 0.314150 0.283906 0.276101 -0.358053 -0.350248 -0.538543 -0.446834 -0.060976 -0.161465 0.025061 0.000031 171.057415 98.619138
0.297451 0.334632 0.522496 0.288645 0.269076 0.317020 0.286688 0.275925 -0.361051 -0.354202 -0.542065 -0.433457 -0.068247 -0.155086 0.025195 0.000257 170.939420 98.625426
0.295778 0.332872 0.523224 0.288944 0.268445 0.316277 0.284064 0.277231 -0.362157 -0.353371 -0.540795 -0.439274 -0.062474 -0.163507 0.025624 0.000062 170.905762 98.658363
0.294425 0.334529 0.520379 0.288556 0.268015 0.314966 0.283665 0.276818 -0.362896 -0.356049 -0.541898 -0.435279 -0.068226 -0.162374 0.025249 0.000148 170.731823 98.688412
0.295490 0.333649 0.520531 0.287662 0.268093 0.315058 0.283748 0.275921 -0.363002 -0.354196 -0.542057 -0.441278 -0.061275 -0.162911 0.025623 0.000000 170.675725 98.715021
0.295143 0.331303 0.521876 0.288302 0.267779 0.314689 0.280484 0.274620 -0.365508 -0.356713 -0.541421 -0.435874 -0.068166 -0.162720 0.025288 0.000144 170.485033 98.751901
0.296829 0.331116 0.521165 0.288012 0.267440 0.314462 0.281155 0.275277 -0.363444 -0.356587 -0.542717 -0.435937 -0.068329 -0.162619 0.025287 0.000148 170.454254 98.769338
0.295492 0.331694 0.520535 0.287664 0.267117 0.315061 0.280815 0.274944 -0.365940 -0.357134 -0.542061 -0.436389 -0.068247 -0.162912 0.025317 0.000144 170.371669 98.776882
0.295069 0.329265 0.521744 0.289206 0.265757 0.314610 0.279436 0.269665 -0.363462 -0.356623 -0.543239 -0.436741 -0.068393 -0.162679 0.023999 0.000000 170.283651 98.811397
0.296552 0.330807 0.520678 0.287743 0.267190 0.314169 0.280892 0.275020 -0.367019 -0.321020 -0.622465 -0.327871 -0.154638 -0.146318 0.024651 0.000051 169.980550 98.840910
0.296685 0.329977 0.520913 0.287873 0.267310 0.314310 0.281019 0.275144 -0.366205 -0.321164 -0.622745 -0.328018 -0.154707 -0.146384 0.024663 0.000042 169.842814 98.854318
0.297598 0.328924 0.520797 0.288788 0.265293 0.315219 0.280956 0.269209 -0.368082 -0.322072 -0.624565 -0.324030 -0.156141 -0.142436 0.022026 0.000001 169.718351 98.899013
0.294708 0.328977 0.520880 0.287855 0.268273 0.315269 0.279043 0.269252 -0.372057 -0.322123 -0.624664 -0.324081 -0.153229 -0.142459 0.022030 0.000000 169.529143 98.900050
0.294696 0.331655 0.517420 0.285943 0.266491 0.313175 0.282052 0.275244 -0.376394 -0.324846 -0.624405 -0.324846 -0.148807 -0.151238 0.025531 0.000062 169.448519 98.952235
0.294455 0.331628 0.516518 0.285650 0.266085 0.313041 0.281737 0.274890 -0.379563 -0.325759 -0.624126 -0.323802 -0.153097 -0.142336 0.022011 0.000000 169.250128 98.971333
0.294416 0.329629 0.520364 0.283657 0.266051 0.313979 0.278766 0.271919 -0.376579 -0.326694 -0.624045 -0.323760 -0.148675 -0.151121 0.025248 0.008497 169.186140 98.988013
0.294730 0.329980 0.517001 0.285917 0.266334 0.313334 0.282001 0.275146 -0.379917 -0.326063 -0.624710 -0.323126 -0.153240 -0.142469 0.022031 0.000000 169.060556 98.997828
0.294393 0.330580 0.518366 0.281678 0.266029 0.312975 0.279722 0.272875 -0.378505 -0.327646 -0.623995 -0.323734 -0.153554 -0.151597 0.028180 0.008497 169.031732 99.020807
0.295323 0.329550 0.518283 0.281633 0.265987 0.312925 0.279677 0.272832 -0.378444 -0.327594 -0.623895 -0.326616 -0.149617 -0.151573 0.028176 0.008495 168.860113 99.048775
0.294604 0.328860 0.518738 0.281880 0.266220 0.313200 0.279923 0.273072 -0.378777 -0.327882 -0.624443 -0.323967 -0.153175 -0.151706 0.028200 0.008503 168.781655 99.054152
0.294478 0.328719 0.518516 0.281759 0.266106 0.313066 0.279803 0.272954 -0.378614 -0.327741 -0.624175 -0.326763 -0.149685 -0.151641 0.028188 0.008499 168.712128 99.067065
0.294797 0.328962 0.517359 0.281131 0.267465 0.313344 0.279179 0.271370 -0.378746 -0.326034 -0.626688 -0.327010 -0.148375 -0.150815 0.027271 0.010707 168.468931 99.075256
0.297831 0.328202 0.517285 0.281176 0.265500 0.312526 0.279216 0.272358 -0.380126 -0.325262 -0.628971 -0.326242 -0.143037 -0.155283 0.028595 0.008940 168.402380 99.114740
0.297273 0.328565 0.516316 0.280649 0.265003 0.312919 0.278693 0.271848 -0.380392 -0.325631 -0.629749 -0.326609 -0.142769 -0.154015 0.024875 0.012773 168.212494 99.130323
0.295376 0.328630 0.524243 0.257231 0.289508 0.293420 0.287551 0.276793 -0.386336 -0.326674 -0.627918 -0.326674 -0.149644 -0.152089 0.028181 0.008497 168.112247 99.146225
0.298482 0.329798 0.524546 0.251508 0.289674 0.292610 0.287717 0.277931 -0.382644 -0.328820 -0.628280 -0.327841 -0.149730 -0.143369 0.028380 0.008318 167.812516 99.176205
0.301688 0.328135 0.525016 0.251733 0.290914 0.294832 0.288955 0.278180 -0.380049 -0.328135 -0.628844 -0.327156 -0.150354 -0.152803 0.028344 0.008877 167.408864 99.179390
0.301169 0.327570 0.524113 0.253256 0.291391 0.295302 0.289435 0.277701 -0.381351 -0.329526 -0.627762 -0.326593 -0.151562 -0.152051 0.028173 0.008495 167.170220 99.188928
0.298291 0.329588 0.522255 0.252325 0.291445 0.295357 0.289489 0.278731 -0.381422 -0.329588 -0.629835 -0.328610 -0.143278 -0.155503 0.028484 0.008833 166.699267 99.218905
0.298280 0.329678 0.521991 0.252165 0.291412 0.295337 0.289450 0.278657 -0.381681 -0.329678 -0.629921 -0.328697 -0.143253 -0.155518 0.028454 0.008831 166.653465 99.223922
0.295632 0.325978 0.514909 0.262349 0.293674 0.285843 0.316189 0.294653 -0.365135 -0.306400 -0.667619 -0.316189 -0.143411 -0.139985 -0.003227 0.000000 166.285845 99.257648
0.299277 0.325684 0.514444 0.262112 0.293409 0.285585 0.315904 0.294387 -0.364805 -0.306124 -0.667017 -0.315904 -0.147194 -0.139858 -0.003224 0.013570 166.061662 99.269570
0.299622 0.326059 0.513078 0.261435 0.292768 0.285914 0.308434 0.295705 -0.370121 -0.305497 -0.659952 -0.323122 -0.156176 -0.146384 0.003251 0.012729 166.056431 99.284028
0.298962 0.325341 0.513903 0.261836 0.293100 0.285284 0.308732 0.294077 -0.364421 -0.305801 -0.666315 -0.319479 -0.147039 -0.139711 -0.003221 0.013586 166.010239 99.306328
0.299618 0.326055 0.513071 0.261431 0.292764 0.285910 0.308430 0.295701 -0.371095 -0.305493 -0.659943 -0.323117 -0.156173 -0.144913 0.021786 0.000097 165.952638 99.310033
0.294293 0.326558 0.512325 0.261051 0.292338 0.285494 0.307981 0.295271 -0.370555 -0.306026 -0.666804 -0.319714 -0.147147 -0.139814 -0.003254 0.012741 165.858223 99.339860
0.297122 0.326443 0.512144 0.260959 0.292235 0.285393 0.307873 0.295167 -0.370425 -0.305918 -0.666569 -0.319601 -0.147095 -0.139764 -0.003253 0.012736 165.814643 99.341507
0.299105 0.325497 0.512193 0.260984 0.292263 0.285421 0.307903 0.295195 -0.370461 -0.305948 -0.666633 -0.319632 -0.147109 -0.139778 -0.003253 0.012738 165.598398 99.360451
0.298005 0.324300 0.512258 0.260998 0.292162 0.285345 0.308718 0.291188 -0.368124 -0.305796 -0.670025 -0.318457 -0.142673 -0.153872 0.025321 0.007974 165.353302 99.418923
0.298952 0.324354 0.511932 0.260851 0.290160 0.285275 0.313607 0.292114 -0.367340 -0.304814 -0.672154 -0.317515 -0.143126 -0.154361 0.025401 0.010472 165.253996 99.425985
0.295337 0.328587 0.504616 0.261109 0.302183 0.268933 0.309028 0.289470 -0.376506 -0.303161 -0.672821 -0.316852 -0.144246 -0.164294 0.017847 0.020170 164.987815 99.435560
0.297701 0.322996 0.509789 0.259759 0.288945 0.284081 0.312294 0.290891 -0.365803 -0.303538 -0.671287 -0.325915 -0.149337 -0.151769 0.025295 0.010428 164.469655 99.509208
0.298394 0.327745 0.504825 0.254369 0.300351 0.269044 0.316983 0.294481 -0.370792 -0.307200 -0.675056 -0.318940 -0.144795 -0.151643 0.028127 0.010701 164.165560 99.527970
0.294561 0.327723 0.503289 0.260423 0.301388 0.268226 0.312117 0.293585 -0.356984 -0.342354 -0.649594 -0.316019 -0.143867 -0.163862 0.017800 0.020117 163.470677 99.549842
0.294374 0.327626 0.502685 0.260144 0.301220 0.267968 0.316868 0.293396 -0.356965 -0.342295 -0.649383 -0.318824 -0.143764 -0.155011 0.025489 0.007854 163.319846 99.578579
0.298141 0.326489 0.502441 0.253175 0.299119 0.267838 0.315736 0.293253 -0.369499 -0.305961 -0.676438 -0.326489 -0.142717 -0.154936 0.025537 0.017595 162.491564 99.637402
0.298061 0.326401 0.502306 0.253107 0.299038 0.267766 0.315651 0.293174 -0.369400 -0.305879 -0.676256 -0.327378 -0.142678 -0.154894 0.025531 0.017652 162.394152 99.643829
0.296976 0.326283 0.502125 0.253016 0.298930 0.267670 0.315537 0.293069 -0.369267 -0.305769 -0.676012 -0.326283 -0.149954 -0.152396 0.026010 0.017706 162.339039 99.647115
0.287531 0.333497 0.484109 0.266015 0.277751 0.287531 0.324695 0.302201 -0.360881 -0.296333 -0.725674 -0.300245 -0.086064 -0.238142 -0.000000 0.049878 162.067742 99.682223
0.288554 0.333549 0.481249 0.265078 0.277794 0.283663 0.319855 0.298335 -0.362893 -0.342352 -0.649491 -0.381478 -0.033013 -0.241114 0.028000 0.036681 161.615161 99.822612
0.289973 0.335037 0.482962 0.253727 0.277238 0.288014 0.314464 0.294871 -0.366385 -0.342874 -0.650480 -0.382059 -0.035512 -0.241971 0.017756 0.047145 161.284227 99.835689
0.287563 0.334512 0.479271 0.265066 0.275825 0.285606 0.312015 0.296365 -0.368745 -0.342336 -0.649461 -0.380482 -0.035456 -0.241103 0.017728 0.049394 161.221918 99.841374
0.288370 0.333336 0.478988 0.264910 0.275662 0.286415 0.311831 0.296190 -0.368527 -0.342134 -0.649077 -0.380258 -0.043378 -0.240960 0.017718 0.051809 160.805661 99.853775
0.288373 0.333340 0.478993 0.264913 0.275666 0.286418 0.311834 0.296194 -0.368532 -0.342138 -0.649085 -0.380262 -0.043256 -0.240963 0.017718 0.046922 160.788967 99.870793
0.292581 0.325851 0.485352 0.270075 0.276925 0.285732 0.311173 0.295517 -0.368907 -0.341508 -0.645832 -0.381628 -0.035349 -0.241698 0.025381 0.036817 159.644322 99.950181
0.292495 0.325755 0.485209 0.265104 0.275865 0.285647 0.312060 0.296408 -0.369776 -0.343364 -0.647598 -0.381515 -0.035461 -0.241626 0.017731 0.049524 158.679129 99.965584
0.292520 0.325783 0.484272 0.270018 0.276867 0.286650 0.312087 0.294477 -0.358068 -0.343393 -0.649610 -0.380570 -0.035464 -0.240179 0.025253 0.039622 158.264176 99.998669
0.293450 0.324751 0.483214 0.269974 0.275843 0.286603 0.320839 0.302254 -0.358009 -0.343337 -0.651459 -0.380507 -0.035459 -0.241607 0.017729 0.047074 157.457775 100.006175
0.293458 0.324760 0.483227 0.269981 0.275850 0.286611 0.312044 0.294436 -0.358019 -0.343346 -0.651477 -0.380517 -0.035459 -0.241614 0.017730 0.047076 157.138966 100.053239
0.297424 0.324819 0.482336 0.269051 0.275900 0.283727 0.319927 0.298403 -0.358083 -0.343408 -0.651594 -0.381564 -0.033020 -0.242146 0.028006 0.036689 155.841273 100.117203
0.297373 0.324763 0.482253 0.269005 0.277809 0.283678 0.319872 0.298351 -0.358022 -0.343349 -0.651482 -0.381498 -0.033014 -0.240637 0.024088 0.036683 155.394930 100.120118
0.310874 0.334336 0.450669 0.261017 0.272748 0.265905 0.306964 0.286434 -0.372462 -0.349000 -0.664762 -0.386148 -0.033482 -0.246353 0.038737 0.070142 152.468607 100.314998
0.297440 0.340490 0.430505 0.286677 0.256346 0.278850 0.322879 0.302332 -0.404088 -0.299397 -0.731858 -0.322879 -0.103223 -0.155080 -0.000000 0.064087 150.597651 100.346883
0.294559 0.339575 0.431564 0.286730 0.256394 0.278902 0.322939 0.302388 -0.405141 -0.299452 -0.731994 -0.322939 -0.103487 -0.155108 -0.000000 0.064098 149.779249 100.404049
0.308955 0.330465 0.445834 0.259092 0.265936 0.274735 0.317754 0.298200 -0.368595 -0.345130 -0.682439 -0.383261 -0.033242 -0.243938 0.018332 0.066240 149.198625 100.491253
0.298528 0.334743 0.427727 0.284825 0.254483 0.277974 0.322019 0.301465 -0.374873 -0.327892 -0.726256 -0.322019 -0.099346 -0.173244 0.018046 0.068025 148.421894 100.563833
0.299540 0.356315 0.398407 0.260384 0.248148 0.266257 0.285835 0.275067 -0.381766 -0.324991 -0.751785 -0.322054 -0.088345 -0.276046 0.044172 0.000000 148.110043 100.578304
0.298857 0.355503 0.397499 0.259790 0.247582 0.265650 0.285183 0.274440 -0.380896 -0.324250 -0.757885 -0.319366 -0.088387 -0.253930 0.022036 0.000000 147.786780 100.633179
0.298861 0.355507 0.397504 0.259794 0.246609 0.265654 0.285187 0.274444 -0.380901 -0.324254 -0.757895 -0.319371 -0.087900 -0.259794 0.022524 0.000000 147.766604 100.640741
0.295214 0.357003 0.395253 0.258925 0.246175 0.259906 0.279522 0.268733 -0.392311 -0.322676 -0.759122 -0.317772 -0.088025 -0.272656 0.043645 0.000073 147.573808 100.697373
0.294429 0.355076 0.398116 0.259215 0.247477 0.263128 0.278779 0.268019 -0.391268 -0.324753 -0.757104 -0.316927 -0.085835 -0.272910 0.043406 0.000049 147.394429 100.723576
0.294340 0.357902 0.393105 0.260114 0.245446 0.259136 0.278694 0.267937 -0.391149 -0.324654 -0.758830 -0.317809 -0.086053 -0.279672 0.025547 0.000000 147.249412 100.737422
0.292596 0.356204 0.394369 0.260303 0.245624 0.259324 0.278896 0.268131 -0.391433 -0.324889 -0.759380 -0.318039 -0.086115 -0.274003 0.036941 0.000000 147.102838 100.777707
0.294428 0.356052 0.394200 0.260192 0.245519 0.259214 0.278777 0.268017 -0.391266 -0.324751 -0.759056 -0.317903 -0.086078 -0.279755 0.025555 0.000000 146.929396 100.781246
0.294428 0.356052 0.394200 0.260192 0.245519 0.259214 0.278777 0.268017 -0.391266 -0.324751 -0.759056 -0.317903 -0.086078 -0.279755 0.025555 0.000000 146.929396 100.781246
0.289933 0.355560 0.397678 0.259568 0.248794 0.260548 0.280138 0.269363 -0.392781 -0.326175 -0.756177 -0.317359 -0.085951 -0.269363 0.020876 0.000000 146.725451 100.794875
0.287387 0.355813 0.397846 0.259040 0.247798 0.261972 0.279567 0.268815 -0.392958 -0.326488 -0.756591 -0.317690 -0.086021 -0.271747 0.043255 0.000290 146.579721 100.807833
0.293081 0.353651 0.395660 0.264750 0.247165 0.258888 0.278427 0.267681 -0.390775 -0.324343 -0.758103 -0.317505 -0.085970 -0.271589 0.025522 0.000000 145.996885 100.841612
0.293225 0.353825 0.391944 0.258038 0.246309 0.261948 0.296158 0.280519 -0.364577 -0.345028 -0.756521 -0.316683 -0.087723 -0.269767 0.029384 0.000047 145.891080 100.841852
0.292980 0.353731 0.391946 0.258684 0.246436 0.261624 0.296899 0.279261 -0.364510 -0.344912 -0.756456 -0.316496 -0.087698 -0.272402 0.043481 0.000073 145.818627 100.845265
0.293851 0.353600 0.390822 0.254671 0.246345 0.264466 0.293851 0.279158 -0.364375 -0.344785 -0.758135 -0.320297 -0.085706 -0.268384 0.021243 0.000068 145.656053 100.863572
0.294758 0.352535 0.389747 0.253629 0.243836 0.264401 0.294758 0.279090 -0.364286 -0.344700 -0.759908 -0.321198 -0.087644 -0.273214 0.021727 0.000097 145.384965 100.913628
0.294353 0.352050 0.390188 0.253280 0.243990 0.264037 0.294353 0.278706 -0.364763 -0.344226 -0.760819 -0.320756 -0.087523 -0.272839 0.021698 0.000105 145.257508 100.934880
0.295722 0.349579 0.393644 0.255575 0.245783 0.265367 0.295722 0.282014 -0.367205 -0.347621 -0.755953 -0.317265 -0.086416 -0.273201 0.043208 0.000394 144.987400 100.948905
0.295400 0.349198 0.394193 0.255296 0.246004 0.265078 0.294422 0.277794 -0.367783 -0.347242 -0.757085 -0.314963 -0.087300 -0.275837 0.021703 0.000099 144.830483 100.980084
0.295300 0.349080 0.394060 0.255210 0.245921 0.264988 0.295300 0.281611 -0.367659 -0.347125 -0.756829 -0.316812 -0.086292 -0.272811 0.024934 0.000394 144.728421 100.981257
0.290997 0.351338 0.389294 0.256934 0.244768 0.262773 0.291970 0.279318 -0.366909 -0.347445 -0.763016 -0.312408 -0.087348 -0.272506 0.042822 0.000000 144.173798 101.039239
0.298360 0.349395 0.385708 0.255176 0.241436 0.263028 0.294434 0.279712 -0.372950 -0.346451 -0.761602 -0.320933 -0.086122 -0.268916 0.021346 0.000068 143.940939 101.080844
0.298143 0.348974 0.386120 0.255133 0.241447 0.262953 0.294233 0.277616 -0.367547 -0.346042 -0.760510 -0.325514 -0.086510 -0.273705 0.021750 0.000092 143.576213 101.092322
0.297557 0.348455 0.385650 0.254490 0.241276 0.262320 0.294621 0.278960 -0.380756 -0.345519 -0.759554 -0.323006 -0.087848 -0.273087 0.021656 0.000092 143.528103 101.138387
0.297558 0.348456 0.385651 0.258406 0.242255 0.263300 0.294621 0.279939 -0.372926 -0.346498 -0.761513 -0.321049 -0.079773 -0.276024 0.021717 0.000068 142.955914 101.144715
0.294320 0.346144 0.393079 0.256186 0.244452 0.261075 0.294320 0.277697 -0.366678 -0.344188 -0.760735 -0.320721 -0.087514 -0.272808 0.021695 0.000095 142.606962 101.167728
0.297076 0.347725 0.384738 0.254219 0.240583 0.262011 0.294154 0.278570 -0.371101 -0.344803 -0.765579 -0.324348 -0.088149 -0.253245 0.021915 0.000000 142.528199 101.171833
0.294131 0.345922 0.391849 0.257976 0.245761 0.263839 0.294131 0.279474 -0.366443 -0.344945 -0.764155 -0.315629 -0.087458 -0.254067 -0.001943 0.000246 142.131814 101.182853
0.294131 0.345922 0.391849 0.257976 0.245761 0.263839 0.294131 0.279474 -0.366443 -0.344945 -0.764155 -0.315629 -0.087458 -0.254067 -0.001943 0.000244 142.131795 101.182859
0.301263 0.341236 0.396809 0.255440 0.245203 0.260315 0.293463 0.276889 -0.362685 -0.343186 -0.766319 -0.313937 -0.085797 -0.272014 0.021754 0.000076 141.876488 101.236275
0.301878 0.342194 0.392343 0.255662 0.245338 0.260579 0.296962 0.283195 -0.368744 -0.349077 -0.759121 -0.317611 -0.088744 -0.276312 0.022616 0.000252 141.768616 101.248209
0.301797 0.341842 0.392630 0.255893 0.245638 0.260776 0.293984 0.277380 -0.363329 -0.343795 -0.767679 -0.314494 -0.087902 -0.273473 0.021243 0.000092 141.640206 101.251262
0.301784 0.341827 0.392612 0.255882 0.245627 0.260765 0.293971 0.277368 -0.363313 -0.343780 -0.767645 -0.314480 -0.087898 -0.275415 0.021242 0.000154 141.639779 101.253256
0.297202 0.342174 0.393011 0.259074 0.243921 0.264940 0.295247 0.277649 -0.366615 -0.345107 -0.764514 -0.314800 -0.086765 -0.273739 0.021752 0.000097 141.611660 101.259862
0.303421 0.341594 0.391512 0.255461 0.245184 0.260355 0.293634 0.277973 -0.364106 -0.344530 -0.767363 -0.315167 -0.088579 -0.274058 0.019820 0.000094 141.530605 101.264678
0.304118 0.341277 0.391148 0.255224 0.244957 0.260114 0.293361 0.277715 -0.363768 -0.344210 -0.768606 -0.314874 -0.088497 -0.273804 0.019802 0.000092 141.442499 101.274492
0.303888 0.340901 0.391549 0.255188 0.244961 0.260058 0.293174 0.277590 -0.363303 -0.343823 -0.769461 -0.314602 -0.087904 -0.273694 0.021428 0.000099 141.389344 101.282820
0.303631 0.340731 0.390523 0.257745 0.244565 0.259698 0.292892 0.277271 -0.363186 -0.343660 -0.767377 -0.319252 -0.085427 -0.267508 0.021174 0.000068 141.239765 101.284623
0.295078 0.341001 0.392786 0.255995 0.246712 0.260880 0.294101 0.278467 -0.365428 -0.347840 -0.767984 -0.314619 -0.079876 -0.272605 0.044335 0.000000 141.147521 101.331155
0.295611 0.340638 0.393495 0.255478 0.241775 0.263309 0.294632 0.279950 -0.372940 -0.346511 -0.761541 -0.321061 -0.086138 -0.276034 0.021718 0.000068 141.131020 101.367947
0.300410 0.338573 0.393371 0.254419 0.244144 0.259312 0.292582 0.275947 -0.364015 -0.346401 -0.765214 -0.323895 -0.079995 -0.273011 0.036940 0.000000 140.598543 101.372568
0.295192 0.340155 0.390982 0.255116 0.241432 0.262936 0.294214 0.279552 -0.372411 -0.345042 -0.770235 -0.315718 -0.086016 -0.268800 0.021321 0.000068 140.584486 101.426680
0.294605 0.339479 0.392157 0.251683 0.245342 0.261438 0.295581 0.279972 -0.367769 -0.350209 -0.768705 -0.314115 -0.088040 -0.271193 0.043166 0.000293 140.031866 101.436378
0.297144 0.338197 0.392934 0.257069 0.243873 0.263911 0.294212 0.278573 -0.365566 -0.346017 -0.770229 -0.315716 -0.079906 -0.272708 0.036899 0.000125 139.457783 101.444799
0.297130 0.338181 0.392915 0.257056 0.244350 0.263898 0.294198 0.278559 -0.365548 -0.346000 -0.770192 -0.315700 -0.079903 -0.272695 0.036897 0.000000 139.406902 101.445540
0.294914 0.338859 0.392568 0.258783 0.244134 0.263665 0.293938 0.278313 -0.367178 -0.347648 -0.763653 -0.319328 -0.087156 -0.269524 0.019592 0.000046 139.217236 101.466879
0.294757 0.338823 0.392682 0.258524 0.244325 0.263420 0.293777 0.278109 -0.367222 -0.347637 -0.763821 -0.319238 -0.087154 -0.269296 0.019769 0.000000 139.175117 101.471703
0.296584 0.338813 0.388899 0.252391 0.246008 0.262212 0.296584 0.280871 -0.368275 -0.350598 -0.769941 -0.315244 -0.088141 -0.272033 0.043334 0.000291 139.108384 101.479127
0.296219 0.338257 0.389093 0.252226 0.245872 0.262003 0.296219 0.280577 -0.368563 -0.350966 -0.770366 -0.314794 -0.088230 -0.271779 0.043260 0.000294 138.759166 101.513648
0.296212 0.338249 0.389084 0.252221 0.245866 0.261997 0.296212 0.280571 -0.368555 -0.350958 -0.770348 -0.314787 -0.088228 -0.271773 0.035194 0.000000 138.666303 101.531570
0.295942 0.337940 0.388729 0.255897 0.245642 0.261757 0.295942 0.280315 -0.368218 -0.350637 -0.769644 -0.314499 -0.087415 -0.269571 0.029362 0.000047 138.296140 101.556833
0.297413 0.334590 0.392311 0.259258 0.244583 0.263171 0.294478 0.279803 -0.365896 -0.345351 -0.767013 -0.321871 -0.087805 -0.272955 0.036932 0.000000 137.972063 101.566871
0.297301 0.334464 0.393142 0.259161 0.244491 0.265028 0.295345 0.280676 -0.367715 -0.348155 -0.764768 -0.319794 -0.087283 -0.269918 0.021576 0.000046 137.893196 101.584317
0.300598 0.331930 0.397533 0.258494 0.243807 0.263390 0.295702 0.281015 -0.362284 -0.348576 -0.765692 -0.316264 -0.087389 -0.272202 0.021602 0.000099 137.795231 101.601352
0.296535 0.332746 0.394401 0.260325 0.242219 0.261303 0.296535 0.279898 -0.367978 -0.348404 -0.767272 -0.316108 -0.087590 -0.272069 0.043428 0.000073 137.372940 101.653836
0.296501 0.332707 0.394356 0.260295 0.242681 0.261273 0.296501 0.279866 -0.367935 -0.348364 -0.767184 -0.316072 -0.087580 -0.274973 0.043423 0.000074 137.259589 101.661742
0.296499 0.332705 0.394353 0.260292 0.244146 0.261271 0.296499 0.279863 -0.367932 -0.348361 -0.767178 -0.316069 -0.087580 -0.267142 0.029417 0.000047 137.120671 101.668515
0.296682 0.332911 0.392639 0.261433 0.242829 0.261433 0.296682 0.280037 -0.368160 -0.348577 -0.767653 -0.316265 -0.087634 -0.272203 0.043450 0.000074 136.968384 101.671652
0.297233 0.331454 0.396963 0.258124 0.243458 0.263012 0.305055 0.281590 -0.367631 -0.348076 -0.764594 -0.319721 -0.087263 -0.271812 0.021571 0.000072 136.686954 101.677702
0.297205 0.331422 0.396925 0.258099 0.247345 0.258099 0.294272 0.278630 -0.364662 -0.345110 -0.772341 -0.315780 -0.077723 -0.274719 0.025297 0.000249 136.655905 101.712105
0.296910 0.334024 0.392624 0.258820 0.244169 0.264680 0.294957 0.280306 -0.364301 -0.343790 -0.767668 -0.327187 -0.082529 -0.269563 0.043340 0.000000 136.134893 101.715846
0.296885 0.333996 0.392592 0.258798 0.245614 0.261728 0.295909 0.280283 -0.364270 -0.343762 -0.767605 -0.327160 -0.082522 -0.269541 0.042848 0.000294 136.121732 101.723154
0.296885 0.333996 0.392592 0.258798 0.245614 0.261728 0.295909 0.280283 -0.364270 -0.343762 -0.767605 -0.327160 -0.082522 -0.269541 0.042848 0.000277 136.120958 101.723269
0.296890 0.334001 0.392598 0.258802 0.244153 0.264662 0.294936 0.280287 -0.364276 -0.343767 -0.767616 -0.327165 -0.082524 -0.272474 0.042727 0.000000 136.041626 101.726235
0.296904 0.334016 0.392616 0.258814 0.244164 0.264674 0.295927 0.280300 -0.364293 -0.343783 -0.767652 -0.327180 -0.082527 -0.269557 0.036869 0.000125 135.979840 101.730345
0.296904 0.334017 0.392617 0.258815 0.244165 0.264675 0.294951 0.280301 -0.364294 -0.343784 -0.767654 -0.327181 -0.082528 -0.269558 0.036869 0.000125 135.967678 101.733457
0.295435 0.334565 0.393261 0.259239 0.244565 0.265109 0.295435 0.280761 -0.367826 -0.348261 -0.765000 -0.319891 -0.087310 -0.270000 0.036196 0.000001 135.885058 101.755513
0.299231 0.327590 0.393108 0.255227 0.245937 0.262072 0.316833 0.298253 -0.366705 -0.345192 -0.772525 -0.324656 -0.088009 -0.260116 0.021513 0.000047 135.150075 101.761707
0.301368 0.328854 0.393643 0.261120 0.244923 0.261120 0.308239 0.281735 -0.378918 -0.329836 -0.779433 -0.318056 -0.088594 -0.275845 0.025400 0.000250 135.017397 101.763775
0.299177 0.327531 0.393037 0.252248 0.246381 0.262025 0.315798 0.294289 -0.372505 -0.346107 -0.772386 -0.325575 -0.083105 -0.260069 0.022548 0.000252 134.992654 101.791930
0.299133 0.327482 0.392979 0.259053 0.244390 0.264919 0.295223 0.280560 -0.364630 -0.346056 -0.768362 -0.327482 -0.087980 -0.271762 0.043379 0.000000 134.584281 101.817194
0.298653 0.326957 0.392348 0.257661 0.245949 0.261565 0.316221 0.297677 -0.371852 -0.345500 -0.771032 -0.324029 -0.087839 -0.259613 0.022509 0.000251 134.349859 101.833577
0.299446 0.327824 0.393389 0.252474 0.246602 0.262260 0.317060 0.298467 -0.366968 -0.345439 -0.773079 -0.324889 -0.088072 -0.260302 0.022569 0.000000 133.904260 101.899073
0.299134 0.327483 0.392980 0.252211 0.247323 0.258077 0.316730 0.298157 -0.372451 -0.345080 -0.772274 -0.324551 -0.087981 -0.273718 0.043379 0.000000 133.849948 101.936665
0.300020 0.327384 0.392861 0.252134 0.247248 0.257998 0.316634 0.298066 -0.372338 -0.344975 -0.772040 -0.324452 -0.087954 -0.280475 0.036892 0.000000 133.566113 101.964839
0.299927 0.327282 0.391762 0.260849 0.242287 0.260849 0.306766 0.281365 -0.367338 -0.347798 -0.767892 -0.325328 -0.087927 -0.273549 0.044330 0.000000 133.225064 101.991759
0.299927 0.327282 0.391761 0.260848 0.242286 0.260848 0.306766 0.281365 -0.367337 -0.347798 -0.767891 -0.325328 -0.087926 -0.273549 0.043963 0.000000 133.216124 101.993174
0.309878 0.319653 0.392968 0.261001 0.240962 0.263934 0.306945 0.288372 -0.423272 -0.315743 -0.782026 -0.321608 -0.088222 -0.275664 0.043134 0.000063 132.038545 102.060665
0.308893 0.318637 0.391719 0.260172 0.240196 0.263095 0.305970 0.287456 -0.421926 -0.314740 -0.787336 -0.320586 -0.087942 -0.274788 0.043362 0.000000 131.089113 102.127261
0.309432 0.317266 0.393645 0.272222 0.238439 0.263409 0.307474 0.288869 -0.423022 -0.313349 -0.779456 -0.321183 -0.088619 -0.275160 0.043698 0.000000 130.452313 102.161113
0.309008 0.316831 0.394083 0.271848 0.238601 0.263048 0.306074 0.288472 -0.423419 -0.312919 -0.780342 -0.320742 -0.088497 -0.274782 0.043515 0.000000 130.322374 102.187671
0.308990 0.316813 0.394060 0.271833 0.240054 0.259122 0.306057 0.288456 -0.423395 -0.312901 -0.780298 -0.320724 -0.088492 -0.274767 0.043513 0.000000 130.306181 102.205268
0.307136 0.317965 0.390811 0.281541 0.238720 0.262838 0.307136 0.288432 -0.423296 -0.314027 -0.775715 -0.321902 -0.087366 -0.273666 0.043560 0.000292 129.899757 102.236797
0.304963 0.315714 0.395865 0.264887 0.247293 0.259023 0.305940 0.280526 -0.420301 -0.311805 -0.785865 -0.327444 -0.070132 -0.269775 0.042885 0.000000 129.498482 102.329823
0.305071 0.315827 0.388184 0.279649 0.237115 0.261071 0.306049 0.280627 -0.420451 -0.311916 -0.786146 -0.327561 -0.070157 -0.269871 0.042901 0.000000 128.855467 102.342500
0.315477 0.308619 0.386019 0.276288 0.232199 0.264531 0.321356 0.301761 -0.421290 -0.312538 -0.787714 -0.328214 -0.091361 -0.270409 0.027923 0.012461 127.919752 102.386851
0.317869 0.308088 0.385355 0.275812 0.231800 0.264076 0.320803 0.301242 -0.424477 -0.313956 -0.792227 -0.318847 -0.091204 -0.271900 0.043157 0.000000 127.825078 102.466264
0.317790 0.307982 0.385467 0.275614 0.231477 0.263844 0.320732 0.301116 -0.424701 -0.313867 -0.792513 -0.318771 -0.091217 -0.271691 0.043157 0.000000 127.807790 102.474629
0.317883 0.308102 0.385372 0.275825 0.231810 0.262131 0.320817 0.297343 -0.424496 -0.313971 -0.792262 -0.318861 -0.091208 -0.271912 0.043159 0.000000 127.765214 102.485095
0.315058 0.308209 0.385505 0.275920 0.231890 0.264179 0.320928 0.301360 -0.424643 -0.314079 -0.792537 -0.318971 -0.091240 -0.272006 0.043174 0.000000 127.711572 102.493027
0.316161 0.306403 0.391298 0.271274 0.239560 0.258589 0.319089 0.299573 -0.422524 -0.312258 -0.788452 -0.324944 -0.088310 -0.274202 0.043423 0.000000 127.461549 102.504658
0.312972 0.307103 0.392193 0.271894 0.240108 0.259180 0.319818 0.300257 -0.423490 -0.312972 -0.790253 -0.317862 -0.091202 -0.274828 0.043523 0.000000 127.140309 102.530970
0.327395 0.302963 0.386033 0.274621 0.232597 0.258984 0.315667 0.296121 -0.393851 -0.329350 -0.791612 -0.318599 -0.086980 -0.270712 0.043001 0.000000 126.723816 102.581015
0.312362 0.302721 0.385632 0.276691 0.231861 0.258373 0.315254 0.295973 -0.416483 -0.308506 -0.813684 -0.308506 -0.096167 -0.220774 0.025307 0.000000 125.774201 102.706555
0.329735 0.288640 0.408010 0.253416 0.243632 0.264179 0.322886 0.303317 -0.380614 -0.327778 -0.794494 -0.322886 -0.087570 -0.273964 0.043296 0.000125 124.526221 102.741070
0.327951 0.288793 0.407247 0.261382 0.242292 0.261382 0.323056 0.298582 -0.387668 -0.337741 -0.779251 -0.324035 -0.087862 -0.275087 0.043441 0.000074 124.335233 102.828613
0.329568 0.285561 0.402915 0.278715 0.235196 0.263068 0.315877 0.298274 -0.397047 -0.332502 -0.782358 -0.317833 -0.087282 -0.270892 0.043152 0.000400 123.413818 102.996358
0.358944 0.264277 0.390499 0.279069 0.233708 0.260333 0.313583 0.294847 -0.420082 -0.310624 -0.820443 -0.310624 -0.096885 -0.222861 0.025516 0.000000 122.490172 103.112314
0.356923 0.262070 0.390171 0.269893 0.227355 0.256203 0.310963 0.292384 -0.418529 -0.307052 -0.831191 -0.314875 -0.088497 -0.274782 0.043271 0.013660 122.242018 103.208985
0.355790 0.261956 0.389024 0.277595 0.226768 0.256091 0.310828 0.292256 -0.417370 -0.306918 -0.828875 -0.314738 -0.088215 -0.271730 0.043252 0.000249 121.818471 103.291310
0.371636 0.251344 0.410756 0.277749 0.238630 0.265035 0.323715 0.304155 -0.405866 -0.330561 -0.786304 -0.321759 -0.087775 -0.272859 0.036919 0.000000 121.217933 103.303655
0.364202 0.246228 0.405322 0.271194 0.227137 0.262382 0.319167 0.299586 -0.422945 -0.309376 -0.824350 -0.313292 -0.086645 -0.273152 0.037203 0.020315 121.105545 103.432251
0.364602 0.245838 0.404679 0.292268 0.226777 0.260989 0.317683 0.298133 -0.418364 -0.308886 -0.817179 -0.308886 -0.096038 -0.221889 0.025415 0.000000 120.964991 103.477834
