0.246576 0.413895 0.307241 0.610569 0.466733 0.352251 0.405089 0.377692 -0.264188 -0.171233 -0.224071 -0.333660 -0.450099 0.181018 0.124022 0.127202 242.396334 95.914276
0.246541 0.408945 0.307198 0.604613 0.465689 0.350245 0.403075 0.375682 -0.259260 -0.185884 -0.221104 -0.336548 -0.433404 0.121069 0.136478 0.153599 242.057583 96.321552
0.246516 0.404990 0.310101 0.604550 0.464663 0.350209 0.403034 0.375643 -0.259233 -0.185865 -0.221082 -0.336513 -0.433359 0.120812 0.136464 0.153094 241.839396 96.402308
0.245678 0.406370 0.309662 0.603694 0.463027 0.351666 0.399532 0.373157 -0.261796 -0.186090 -0.219303 -0.340921 -0.437629 0.148481 0.090359 0.170460 241.745010 96.574783
0.247823 0.402774 0.309901 0.602205 0.462408 0.352916 0.399841 0.374423 -0.261021 -0.185256 -0.220450 -0.342162 -0.439923 0.149085 0.093361 0.171081 241.480508 96.593285
0.246531 0.403059 0.310121 0.604589 0.463714 0.352188 0.400124 0.374689 -0.261206 -0.186366 -0.219628 -0.342405 -0.442191 0.177561 0.053562 0.183431 241.398241 96.636517
0.246432 0.404852 0.309017 0.602388 0.462548 0.351067 0.398984 0.373559 -0.260122 -0.185802 -0.219050 -0.341288 -0.441034 0.150108 0.054518 0.193136 241.221808 96.723932
0.249418 0.402982 0.311039 0.600560 0.461668 0.353098 0.397113 0.373638 -0.263112 -0.187797 -0.223498 -0.340383 -0.438194 0.153074 0.093410 0.171169 241.110922 96.728333
0.247849 0.404591 0.312505 0.595620 0.462390 0.352670 0.395774 0.374222 -0.260584 -0.186131 -0.219439 -0.345812 -0.448675 0.179274 0.054125 0.185152 241.019570 96.848591
0.248273 0.404921 0.314282 0.593096 0.462063 0.350734 0.397039 0.374379 -0.263051 -0.187190 -0.222657 -0.338912 -0.436447 0.119949 0.095319 0.186697 240.993956 96.871767
0.247202 0.404335 0.314265 0.593286 0.462097 0.350489 0.396503 0.373985 -0.263356 -0.187972 -0.221258 -0.344615 -0.448391 0.180140 0.054336 0.186014 240.812230 96.965097
0.245944 0.404853 0.308041 0.606302 0.459616 0.354980 0.398008 0.370627 -0.263057 -0.169667 -0.265013 -0.368671 -0.325643 0.119060 0.105369 0.157443 240.306011 97.219685
0.246153 0.404395 0.307692 0.605615 0.459095 0.354578 0.397557 0.370207 -0.262759 -0.169475 -0.257875 -0.378021 -0.325274 0.118925 0.105250 0.161172 240.213886 97.292734
0.246154 0.404395 0.307692 0.605616 0.459096 0.354578 0.397558 0.370207 -0.262759 -0.169475 -0.257875 -0.378022 -0.325274 0.118925 0.105250 0.162149 240.173762 97.301665
0.247117 0.404373 0.307675 0.605582 0.459070 0.354559 0.397535 0.370187 -0.262745 -0.169465 -0.257861 -0.378000 -0.325256 0.118919 0.105244 0.162140 240.094761 97.304543
0.246385 0.404776 0.307981 0.606186 0.459528 0.354912 0.397932 0.361756 -0.263006 -0.169634 -0.264962 -0.368600 -0.325580 0.119037 0.093372 0.170123 240.070266 97.319823
0.246099 0.404305 0.307623 0.605481 0.459970 0.354499 0.397469 0.370125 -0.262701 -0.169437 -0.257818 -0.377937 -0.325202 0.118899 0.105227 0.167484 240.008699 97.320578
0.247812 0.405511 0.314418 0.593574 0.463301 0.350659 0.397675 0.374167 -0.263484 -0.169943 -0.258587 -0.379065 -0.326172 0.119254 0.105541 0.162596 239.826017 97.474376
0.244673 0.398690 0.308034 0.594623 0.461077 0.353849 0.396740 0.371396 -0.260269 -0.184723 -0.217379 -0.477648 -0.247110 0.150605 0.136471 0.135983 239.759862 97.569530
0.245205 0.403465 0.311635 0.588102 0.461103 0.353643 0.396627 0.371227 -0.259859 -0.184637 -0.217363 -0.477710 -0.247159 0.150445 0.136279 0.135791 239.585097 97.658963
0.245322 0.407568 0.302988 0.602066 0.459369 0.346970 0.398771 0.371405 -0.261938 -0.170553 -0.221865 -0.477939 -0.243856 0.151983 0.133412 0.137322 239.434917 97.792824
0.246365 0.407506 0.302691 0.601463 0.459424 0.346772 0.397710 0.371261 -0.260569 -0.179753 -0.220896 -0.474117 -0.244895 0.151835 0.137141 0.135182 239.343708 97.811571
0.245757 0.406670 0.302320 0.600740 0.458357 0.346205 0.397892 0.370586 -0.260386 -0.179442 -0.220401 -0.477861 -0.243807 0.151648 0.137507 0.136044 239.254874 97.896770
0.245237 0.406449 0.301906 0.599903 0.458232 0.345873 0.396679 0.374207 -0.259893 -0.185638 -0.219834 -0.476796 -0.243283 0.151441 0.137274 0.135809 239.174646 97.930209
0.246268 0.403429 0.310405 0.593393 0.459243 0.346636 0.398533 0.368178 -0.261446 -0.186047 -0.218851 -0.475890 -0.243820 0.151776 0.141494 0.137577 239.165818 97.986152
0.245348 0.403700 0.309862 0.592354 0.459417 0.346029 0.396858 0.374376 -0.260988 -0.187188 -0.218956 -0.476034 -0.245348 0.151510 0.145645 0.136359 239.149769 98.006883
0.245319 0.403652 0.309825 0.592283 0.459362 0.345987 0.396810 0.374331 -0.259979 -0.185699 -0.219907 -0.476954 -0.243364 0.151003 0.136831 0.135365 239.065528 98.008386
0.245800 0.404444 0.312391 0.589528 0.459284 0.348625 0.394651 0.372127 -0.261469 -0.187043 -0.220339 -0.477890 -0.246290 0.183126 0.092787 0.149341 238.986622 98.067863
0.246513 0.403029 0.311076 0.590849 0.459767 0.348249 0.395204 0.359987 -0.261187 -0.186841 -0.219123 -0.474440 -0.244557 0.151625 0.092687 0.167766 238.735832 98.190735
0.244701 0.398555 0.307708 0.593926 0.456189 0.348736 0.392694 0.369250 -0.259842 -0.185602 -0.220768 -0.477680 -0.246655 0.151412 0.092312 0.167530 238.564486 98.293334
0.245056 0.402067 0.310110 0.588916 0.458807 0.348263 0.394241 0.360980 -0.261197 -0.186849 -0.220110 -0.476416 -0.245545 0.149675 0.083886 0.180490 238.534875 98.335220
0.245225 0.403497 0.311660 0.588149 0.458209 0.347809 0.393727 0.371257 -0.260857 -0.186605 -0.219823 -0.475795 -0.245225 0.149480 0.083777 0.180255 237.995566 98.361234
0.247541 0.400548 0.310888 0.588640 0.457073 0.346947 0.392752 0.358642 -0.260210 -0.185656 -0.221715 -0.473641 -0.243155 0.124745 0.093559 0.184194 237.941584 98.530227
0.245082 0.402286 0.310502 0.589759 0.458919 0.346630 0.397404 0.361276 -0.262658 -0.167456 -0.310502 -0.412050 -0.220183 0.174780 0.092516 0.167456 236.922811 98.665296
0.246361 0.407669 0.309906 0.588529 0.458505 0.346078 0.396915 0.359765 -0.262003 -0.167173 -0.309906 -0.411579 -0.219965 0.174506 0.092385 0.167173 236.610734 98.714842
0.245071 0.403245 0.311465 0.587780 0.457922 0.347591 0.393481 0.371024 -0.263622 -0.167449 -0.310489 -0.409103 -0.217733 0.149386 0.083725 0.180142 236.211699 98.782439
0.244938 0.402049 0.311295 0.587460 0.457672 0.347401 0.393266 0.370822 -0.260551 -0.167846 -0.311295 -0.412783 -0.220053 0.175652 0.061112 0.184923 236.018950 98.840827
0.248315 0.407667 0.298174 0.656960 0.399846 0.356831 0.398868 0.371495 -0.250270 -0.169617 -0.259069 -0.369540 -0.321637 0.114381 0.091652 0.167173 235.950691 98.919204
0.248318 0.407672 0.298177 0.656968 0.399851 0.356835 0.399851 0.371500 -0.250274 -0.169619 -0.259072 -0.369544 -0.321641 0.114383 0.093364 0.167664 235.878413 98.919836
0.248194 0.407468 0.298028 0.656639 0.399651 0.356657 0.397697 0.370337 -0.250148 -0.169534 -0.258943 -0.369360 -0.325388 0.118967 0.093317 0.169534 235.809300 98.989005
0.248195 0.407469 0.298029 0.656641 0.399652 0.356658 0.397698 0.370338 -0.250149 -0.169534 -0.258943 -0.369360 -0.325389 0.118967 0.093317 0.171000 235.721772 98.998296
0.248544 0.408042 0.298448 0.657565 0.396300 0.357159 0.399236 0.371837 -0.250501 -0.169773 -0.259308 -0.369880 -0.321933 0.114487 0.091736 0.167327 235.586213 99.014199
0.248051 0.403758 0.299626 0.646406 0.403758 0.354639 0.394917 0.371340 -0.249033 -0.169461 -0.220544 -0.473507 -0.244613 0.151778 0.137042 0.135077 235.528193 99.194122
0.244827 0.399737 0.299070 0.645053 0.402669 0.354779 0.397782 0.371394 -0.250202 -0.170548 -0.219416 -0.475971 -0.246293 0.150024 0.090894 0.162240 235.499041 99.358079
0.246923 0.400944 0.299241 0.645422 0.402900 0.354004 0.395077 0.371607 -0.250346 -0.170646 -0.219541 -0.474288 -0.246434 0.150110 0.090946 0.162334 235.387096 99.401118
0.245264 0.402759 0.297437 0.643634 0.401784 0.353999 0.393007 0.368627 -0.248677 -0.170661 -0.220396 -0.478825 -0.243801 0.156032 0.061072 0.179925 235.376121 99.592395
0.246950 0.401966 0.298296 0.643537 0.401966 0.353065 0.393164 0.369692 -0.247928 -0.170664 -0.220543 -0.477274 -0.243038 0.149637 0.056970 0.184846 235.148566 99.640318
0.246654 0.404415 0.297939 0.644720 0.399531 0.350688 0.394647 0.371202 -0.250073 -0.170460 -0.220768 -0.476702 -0.245677 0.151411 0.092556 0.167529 235.083125 99.651156
0.245823 0.403677 0.297138 0.645102 0.399768 0.350896 0.394880 0.371422 -0.250221 -0.170561 -0.220410 -0.476984 -0.244845 0.151012 0.061456 0.181801 235.080780 99.694018
0.245774 0.404574 0.297078 0.644973 0.399688 0.350826 0.394801 0.371348 -0.250171 -0.169550 -0.220854 -0.476889 -0.244796 0.150982 0.061321 0.183719 235.000934 99.708674
0.245799 0.404616 0.297110 0.643086 0.399730 0.349886 0.394843 0.367478 -0.250197 -0.169079 -0.221855 -0.477916 -0.244333 0.148555 0.061206 0.186182 234.966324 99.779242
0.245481 0.403918 0.299271 0.635707 0.399028 0.349150 0.394138 0.371644 -0.252327 -0.170663 -0.222008 -0.478247 -0.245970 0.125185 0.093644 0.181910 234.670497 99.853509
0.246448 0.404879 0.298281 0.645460 0.392166 0.350113 0.395099 0.372606 -0.252316 -0.171634 -0.221021 -0.477249 -0.247915 0.151585 0.092663 0.167722 234.496388 99.857188
0.246257 0.404390 0.298642 0.646241 0.391661 0.350537 0.394599 0.372078 -0.252621 -0.171841 -0.220799 -0.476847 -0.247726 0.151769 0.092530 0.167925 234.471054 99.861644
0.246919 0.402894 0.299237 0.645413 0.392137 0.350088 0.395071 0.372579 -0.252298 -0.171621 -0.221005 -0.477214 -0.247897 0.150596 0.091189 0.171132 234.435400 99.897461
0.247418 0.403091 0.299634 0.648068 0.390403 0.352338 0.392355 0.368930 -0.252786 -0.171289 -0.221065 -0.475315 -0.246930 0.150793 0.091257 0.171777 234.375111 99.899258
0.245825 0.403505 0.294794 0.642474 0.391753 0.350618 0.394691 0.372165 -0.252680 -0.168943 -0.222809 -0.479897 -0.246804 0.125361 0.094021 0.185103 234.332253 99.957929
0.245841 0.403708 0.297160 0.643195 0.391000 0.348968 0.393933 0.371450 -0.252195 -0.170574 -0.221893 -0.477998 -0.245841 0.125120 0.093596 0.184259 234.241161 100.042089
0.247367 0.401665 0.299779 0.640705 0.390889 0.349743 0.393828 0.371295 -0.252755 -0.168503 -0.222385 -0.479059 -0.246387 0.125398 0.093803 0.184668 234.019134 100.069095
0.246430 0.405655 0.298852 0.644736 0.390957 0.342945 0.398796 0.369400 -0.253779 -0.171472 -0.222424 -0.477183 -0.246430 0.151876 0.061853 0.185190 233.673825 100.136420
0.246097 0.405279 0.298832 0.644540 0.390630 0.342778 0.398443 0.369146 -0.252933 -0.171389 -0.222171 -0.478522 -0.246097 0.151858 0.061768 0.185061 233.531380 100.159092
0.248704 0.406791 0.300415 0.638258 0.389062 0.341783 0.396942 0.372317 -0.254121 -0.172862 -0.222602 -0.480664 -0.249689 0.151685 0.091848 0.172369 233.445493 100.227736
0.246682 0.404460 0.299926 0.635022 0.398598 0.349751 0.388829 0.367336 -0.249124 -0.167548 -0.310672 -0.411299 -0.219327 0.175364 0.060816 0.181714 233.248857 100.345700
0.246683 0.404462 0.298950 0.635025 0.398600 0.348775 0.388831 0.359522 -0.249125 -0.167549 -0.310674 -0.409347 -0.217862 0.149475 0.083774 0.180249 233.214413 100.379789
0.246790 0.407571 0.297126 0.637257 0.396819 0.346973 0.393887 0.360656 -0.250211 -0.168111 -0.310809 -0.410503 -0.219912 0.175930 0.061209 0.181794 233.071178 100.384459
0.246873 0.404775 0.299181 0.633560 0.398908 0.349045 0.389131 0.359800 -0.249318 -0.167678 -0.310914 -0.409663 -0.218031 0.149591 0.083839 0.184788 233.063764 100.407730
0.245797 0.403635 0.297106 0.643079 0.390929 0.348904 0.390929 0.361610 -0.250195 -0.168100 -0.310789 -0.410476 -0.219898 0.175918 0.061449 0.181782 232.867881 100.490761
0.248122 0.407174 0.293635 0.642083 0.393471 0.342575 0.398365 0.361172 -0.249590 -0.167372 -0.311254 -0.412068 -0.220227 0.176671 0.061419 0.180586 232.815246 100.501886
0.248043 0.407044 0.293542 0.641878 0.393346 0.342465 0.398238 0.368884 -0.250489 -0.168297 -0.311154 -0.411937 -0.220156 0.176614 0.061399 0.181996 232.676212 100.502358
0.247728 0.406352 0.292769 0.640371 0.392644 0.341727 0.397539 0.368165 -0.250176 -0.167926 -0.310394 -0.411248 -0.221780 0.149322 0.083718 0.181145 232.667623 100.578266
0.245242 0.405310 0.292724 0.640272 0.391604 0.340695 0.396499 0.367128 -0.250137 -0.167900 -0.311325 -0.413142 -0.220277 0.149299 0.083705 0.181117 232.622069 100.653211
0.245380 0.402951 0.294652 0.641989 0.390267 0.350265 0.392218 0.367827 -0.256601 -0.117080 -0.359046 -0.402951 -0.153668 0.000036 0.181474 0.167327 232.487514 100.693255
0.245208 0.402668 0.296395 0.641539 0.389993 0.348069 0.392918 0.370494 -0.256421 -0.116998 -0.358794 -0.402668 -0.153560 0.000036 0.181347 0.167210 232.240008 100.769739
0.246632 0.402426 0.295959 0.638802 0.387774 0.347727 0.393635 0.369216 -0.257865 -0.117456 -0.360425 -0.404379 -0.154328 0.000036 0.182166 0.168491 231.997509 100.866923
0.247289 0.404833 0.295577 0.639928 0.387274 0.343376 0.393127 0.368739 -0.257532 -0.117304 -0.359960 -0.403857 -0.154129 0.000036 0.181931 0.167786 231.874046 100.976804
0.246046 0.402620 0.296616 0.639914 0.388033 0.340380 0.395813 0.366637 -0.258688 -0.116945 -0.357885 -0.404565 -0.154630 -0.010151 0.181374 0.180401 231.634393 101.049470
0.247008 0.403219 0.294848 0.638512 0.386622 0.342687 0.392480 0.368072 -0.256771 -0.117158 -0.359285 -0.406148 -0.155234 -0.010190 0.182083 0.181107 231.499340 101.088837
0.245853 0.403726 0.298151 0.633449 0.386130 0.339208 0.393951 0.369512 -0.261982 -0.117550 -0.359737 -0.406659 -0.155430 -0.010203 0.182312 0.181335 231.335801 101.218084
0.246814 0.403700 0.298132 0.633409 0.386106 0.339187 0.393926 0.369489 -0.261965 -0.117542 -0.359714 -0.406633 -0.155420 -0.010202 0.182301 0.181323 231.312267 101.223630
0.246815 0.403702 0.298133 0.633411 0.386107 0.339188 0.393927 0.369490 -0.261966 -0.117543 -0.359715 -0.406634 -0.155420 -0.010203 0.182301 0.184745 231.184386 101.231226
0.245354 0.404859 0.297547 0.632165 0.385347 0.338520 0.393152 0.368763 -0.261451 -0.117311 -0.358032 -0.412663 -0.158529 0.010182 0.181943 0.180967 231.124814 101.289870
0.245687 0.403454 0.296973 0.631068 0.384893 0.338002 0.391731 0.366332 -0.262782 -0.119668 -0.358517 -0.410292 -0.160698 0.000044 0.182189 0.181212 230.908312 101.298620
0.245257 0.402574 0.297045 0.631220 0.384986 0.338084 0.391826 0.366420 -0.262846 -0.119697 -0.358603 -0.410391 -0.160736 0.000044 0.178325 0.193959 230.886786 101.364442
0.246028 0.404014 0.298364 0.629988 0.384449 0.337494 0.391297 0.365863 -0.262169 -0.120568 -0.358037 -0.409884 -0.160432 0.000044 0.178040 0.193692 230.794141 101.412605
0.244890 0.401796 0.299148 0.629579 0.384199 0.337274 0.392020 0.366602 -0.262976 -0.119757 -0.358782 -0.410595 -0.160816 0.000044 0.177924 0.193566 230.784723 101.431409
0.246326 0.400768 0.301065 0.635364 0.379263 0.340164 0.391971 0.356781 -0.260988 -0.118520 -0.354826 -0.412498 -0.157864 0.000044 0.179368 0.194519 230.401157 101.468892
0.245367 0.399208 0.299893 0.632891 0.377787 0.338840 0.390445 0.367077 -0.263867 -0.118059 -0.359287 -0.413813 -0.157249 0.000045 0.178670 0.193762 230.344243 101.584643
0.246088 0.404462 0.296280 0.631545 0.379122 0.337214 0.391792 0.355731 -0.255347 -0.155450 -0.358655 -0.413233 -0.158861 0.134496 0.097217 0.198820 229.792491 101.667947
0.245274 0.400647 0.296088 0.631263 0.378171 0.338107 0.390875 0.358628 -0.256023 -0.155861 -0.360582 -0.414327 -0.159281 0.135340 0.097719 0.199835 229.785114 101.698460
0.244858 0.399967 0.299487 0.630192 0.377530 0.337533 0.390211 0.358019 -0.255589 -0.155597 -0.359970 -0.413624 -0.159011 0.135111 0.097553 0.199496 229.566647 101.759299
0.246575 0.399217 0.297455 0.634050 0.371819 0.336594 0.394324 0.368884 -0.265166 -0.118640 -0.361056 -0.415851 -0.158023 0.000045 0.181507 0.197651 229.509862 101.759866
0.247056 0.399204 0.297446 0.634030 0.371807 0.336584 0.394312 0.368872 -0.265157 -0.118636 -0.361045 -0.415837 -0.158018 0.000045 0.181501 0.197645 229.495472 101.762870
0.247368 0.398917 0.297232 0.633574 0.371540 0.334386 0.394028 0.368607 -0.264967 -0.118551 -0.362741 -0.415538 -0.157905 0.000045 0.181370 0.197503 229.310737 101.844267
0.247364 0.400493 0.298407 0.632151 0.371045 0.332763 0.396567 0.370064 -0.266996 -0.121228 -0.363193 -0.412273 -0.158529 0.000000 0.182087 0.199756 229.158568 101.870754
0.246507 0.401063 0.298351 0.631918 0.370738 0.332589 0.397150 0.369760 -0.267049 -0.121297 -0.362913 -0.412801 -0.158469 0.000000 0.181945 0.200042 229.102733 101.873552
0.249019 0.402149 0.301367 0.630131 0.369860 0.331700 0.395300 0.368881 -0.266142 -0.120840 -0.362032 -0.410955 -0.160957 0.000066 0.181994 0.199118 228.855650 101.954280
0.247570 0.402179 0.299433 0.630178 0.369887 0.331724 0.395329 0.368909 -0.266162 -0.120360 -0.362059 -0.416857 -0.160480 0.016880 0.182008 0.199132 228.455013 101.954433
0.246392 0.402473 0.297437 0.628251 0.370079 0.334740 0.388730 0.360262 -0.257190 -0.156572 -0.362226 -0.416216 -0.160008 0.135467 0.097919 0.212035 228.361278 102.073227
0.246194 0.404286 0.297586 0.626497 0.369046 0.333806 0.388624 0.361215 -0.262346 -0.168371 -0.358278 -0.413097 -0.157603 0.133620 0.094953 0.210953 228.248929 102.130329
0.246177 0.400343 0.299523 0.626453 0.369020 0.333782 0.388597 0.361189 -0.262327 -0.168359 -0.358253 -0.413068 -0.159060 0.133611 0.094947 0.210939 228.241749 102.150894
0.246688 0.399399 0.303465 0.622593 0.369053 0.332833 0.388631 0.361221 -0.261372 -0.169843 -0.361221 -0.410167 -0.157117 0.135091 0.094955 0.209978 227.914782 102.234567
0.246895 0.400106 0.303495 0.622604 0.368878 0.332771 0.388395 0.361071 -0.261533 -0.169801 -0.361071 -0.409865 -0.157115 0.135158 0.094903 0.210300 227.883474 102.241755
0.246534 0.403508 0.298202 0.623961 0.368078 0.332648 0.387761 0.360205 -0.261788 -0.167800 -0.357252 -0.438938 -0.118100 0.135323 0.094726 0.210119 227.585332 102.259385
0.247561 0.399419 0.302738 0.623054 0.367192 0.332035 0.387700 0.359379 -0.261722 -0.167482 -0.359379 -0.414067 -0.159182 0.134767 0.094484 0.209963 227.528944 102.276387
0.246121 0.403189 0.303370 0.624356 0.321964 0.357194 0.350344 0.328814 -0.258354 -0.172236 -0.365023 -0.419825 -0.139452 0.063855 0.104222 0.089299 227.519442 102.334838
0.247082 0.403160 0.303348 0.624310 0.321941 0.357168 0.350318 0.328790 -0.258335 -0.172223 -0.364996 -0.419795 -0.139442 0.063850 0.104215 0.089292 227.351787 102.343251
0.245634 0.403191 0.303372 0.624360 0.321966 0.357196 0.350346 0.328816 -0.258356 -0.172237 -0.365025 -0.419828 -0.139453 0.063121 0.104468 0.105446 226.899905 102.449207
0.246114 0.403177 0.303361 0.624337 0.321954 0.357183 0.350333 0.328804 -0.258346 -0.172231 -0.365012 -0.419813 -0.139448 0.063119 0.104464 0.105442 226.846379 102.452967
0.246594 0.403162 0.303350 0.624314 0.321942 0.357170 0.350320 0.328792 -0.258337 -0.172225 -0.364999 -0.419797 -0.139443 0.063116 0.104460 0.105439 226.774067 102.456917
0.247057 0.404098 0.303318 0.624248 0.321909 0.356154 0.349305 0.333650 -0.262223 -0.172206 -0.363982 -0.419753 -0.139428 0.063110 0.104204 0.105427 226.622212 102.476771
0.245873 0.401983 0.302463 0.622488 0.319050 0.353199 0.349296 0.330758 -0.259533 -0.170745 -0.368810 -0.418570 -0.138060 0.033783 0.118790 0.097569 226.586048 102.656780
0.245642 0.405162 0.301425 0.620466 0.320019 0.354272 0.347422 0.331763 -0.260322 -0.171264 -0.369931 -0.416906 -0.138479 0.033886 0.118906 0.104960 226.359385 102.669277
0.246504 0.406928 0.302261 0.622130 0.318891 0.354106 0.349215 0.332585 -0.262156 -0.172651 -0.365844 -0.420623 -0.138903 0.062849 0.094151 0.118850 225.930029 102.697728
0.246041 0.403057 0.304250 0.618282 0.316967 0.352186 0.345338 0.318924 -0.267074 -0.120330 -0.419688 -0.398166 -0.138429 0.034118 0.119597 0.111770 225.897386 103.029548
0.245739 0.402563 0.302899 0.615569 0.317556 0.352731 0.345891 0.319510 -0.267724 -0.124335 -0.420151 -0.398654 -0.138747 0.033954 0.118717 0.111389 225.639763 103.056359
0.245724 0.399789 0.303254 0.616260 0.315931 0.351034 0.344208 0.317881 -0.266201 -0.119937 -0.418315 -0.396863 -0.165766 0.062650 0.119205 0.111405 225.415785 103.128394
0.245822 0.399766 0.308866 0.611867 0.316685 0.351873 0.345031 0.318640 -0.265859 -0.123888 -0.419315 -0.389015 -0.167140 0.063044 0.094321 0.119490 225.282717 103.128657
0.246601 0.405304 0.302757 0.615281 0.308617 0.363309 0.330103 0.312524 -0.268575 -0.125009 -0.423860 -0.392608 -0.135752 0.011353 0.091315 0.149425 224.221920 103.244808
0.246593 0.405292 0.302748 0.615262 0.308608 0.363298 0.330093 0.312514 -0.268567 -0.125006 -0.423847 -0.392596 -0.135748 0.010865 0.091313 0.150886 224.154263 103.250474
0.246600 0.405303 0.302757 0.615279 0.308616 0.363308 0.330102 0.312523 -0.268574 -0.125009 -0.423859 -0.392607 -0.135752 0.010957 0.093269 0.150890 224.110040 103.253521
0.245574 0.406030 0.305256 0.618339 0.302321 0.364937 0.331672 0.313083 -0.270034 -0.125233 -0.424619 -0.392332 -0.135506 0.031553 0.119118 0.126212 224.005947 103.289634
0.246223 0.400782 0.304244 0.616288 0.301318 0.363727 0.330572 0.312045 -0.269138 -0.124818 -0.423211 -0.391031 -0.166261 0.062896 0.118723 0.125793 223.845721 103.386131
0.247426 0.401945 0.303170 0.616120 0.303170 0.363804 0.330553 0.312950 -0.268941 -0.125180 -0.425416 -0.394121 -0.135938 0.009963 0.094374 0.148651 223.828834 103.415038
0.245434 0.400471 0.302297 0.614315 0.314934 0.349926 0.343122 0.316878 -0.265361 -0.169131 -0.433520 -0.408247 -0.020230 -0.008475 0.118829 0.111053 223.372798 103.459961
0.247223 0.400452 0.298626 0.654039 0.249181 0.365205 0.357372 0.336811 -0.254566 -0.146376 -0.372058 -0.429825 -0.168405 0.062907 0.095218 0.114800 223.261865 103.827276
0.248019 0.401136 0.300362 0.653557 0.247041 0.364935 0.357108 0.336562 -0.254379 -0.146268 -0.371784 -0.429509 -0.168281 0.063839 0.095147 0.114715 223.161135 103.878515
0.246832 0.401956 0.299516 0.651715 0.244881 0.365858 0.355126 0.336589 -0.251710 -0.157075 -0.370736 -0.427322 -0.167319 0.063171 0.094635 0.119514 222.907386 103.972435
0.246837 0.401782 0.298159 0.647152 0.246837 0.363656 0.357791 0.337262 -0.254168 -0.157878 -0.372455 -0.430131 -0.166676 0.063053 0.095069 0.120486 222.339140 104.034133
0.247159 0.400348 0.298548 0.647996 0.247159 0.361194 0.354342 0.332808 -0.254500 -0.158084 -0.371961 -0.428734 -0.168361 0.064604 0.053592 0.149763 222.208690 104.148433
0.246431 0.402097 0.297669 0.646087 0.243015 0.364034 0.353299 0.331827 -0.253750 -0.157618 -0.370866 -0.427472 -0.167866 0.009302 0.137611 0.135659 221.889538 104.170921
0.247272 0.401694 0.298094 0.647012 0.244340 0.364555 0.348917 0.326438 -0.251181 -0.155400 -0.423196 -0.391921 -0.135364 0.062795 0.119238 0.118993 221.426783 104.388075
0.247279 0.401707 0.298104 0.647031 0.244347 0.364566 0.348928 0.326448 -0.251189 -0.155405 -0.423209 -0.391933 -0.135368 0.063286 0.119241 0.124128 221.192543 104.397812
0.246118 0.401227 0.298474 0.638048 0.244161 0.361104 0.346425 0.324896 -0.257372 -0.157066 -0.366976 -0.456028 -0.131133 -0.000240 0.092723 0.167830 220.826629 104.469853
0.246647 0.400312 0.298521 0.638151 0.244200 0.361162 0.346481 0.324948 -0.257414 -0.156601 -0.370950 -0.452187 -0.131154 -0.000240 0.092737 0.167857 220.685784 104.491871
0.247004 0.401260 0.298748 0.638502 0.241635 0.360256 0.347564 0.325109 -0.257744 -0.156697 -0.370995 -0.452028 -0.131313 -0.000240 0.092749 0.167924 220.582606 104.539012
0.247217 0.400442 0.299597 0.634441 0.243300 0.358342 0.346593 0.327990 -0.258476 -0.155673 -0.370091 -0.460166 -0.124832 -0.000241 0.092523 0.167911 220.329098 104.608394
0.245732 0.401395 0.299578 0.634401 0.242795 0.358319 0.346571 0.327969 -0.258460 -0.155663 -0.371046 -0.459157 -0.124579 -0.000241 0.092517 0.167901 220.258964 104.611149
0.246853 0.399853 0.299157 0.635464 0.240499 0.360748 0.344128 0.329463 -0.259074 -0.155933 -0.371502 -0.459489 -0.124649 -0.000241 0.093120 0.168642 220.186103 104.640884
0.245981 0.400751 0.295954 0.642366 0.241615 0.361937 0.351263 0.329916 -0.259081 -0.124689 -0.461882 -0.415306 -0.022985 -0.061981 0.102128 0.148462 219.660877 104.861660
0.245842 0.401753 0.297161 0.637331 0.242909 0.357766 0.349946 0.328441 -0.261971 -0.126098 -0.464313 -0.418371 -0.023093 -0.022177 0.062438 0.162265 219.085627 104.985682
0.246828 0.400605 0.299719 0.636658 0.240461 0.361426 0.344775 0.330083 -0.263479 -0.126842 -0.465250 -0.415297 -0.023201 -0.022283 0.061095 0.161613 219.006195 105.008631
0.247006 0.400100 0.299342 0.635856 0.240158 0.360971 0.344341 0.329667 -0.263147 -0.126682 -0.465642 -0.418687 -0.019687 -0.022010 0.061385 0.162877 218.770918 105.057972
0.246950 0.400011 0.299275 0.635714 0.240104 0.360890 0.344263 0.329593 -0.263088 -0.126654 -0.464560 -0.418593 -0.023167 -0.022250 0.061004 0.166753 218.669142 105.064042
0.247059 0.400372 0.298814 0.632783 0.243153 0.357405 0.345687 0.328110 -0.261707 -0.125971 -0.465799 -0.416973 -0.019408 -0.062497 0.102290 0.161614 218.615754 105.114509
0.246135 0.400275 0.298493 0.634176 0.238305 0.360149 0.343512 0.328832 -0.262283 -0.126248 -0.465845 -0.417891 -0.019451 -0.062512 0.102515 0.161969 218.424082 105.170866
0.247644 0.399362 0.298543 0.634281 0.238345 0.360209 0.343569 0.328886 -0.262326 -0.126269 -0.465923 -0.417960 -0.019454 -0.062523 0.102532 0.161996 218.306013 105.180526
0.245398 0.400849 0.300148 0.635493 0.229755 0.361742 0.350987 0.330456 -0.269840 -0.125632 -0.466354 -0.419425 -0.023220 -0.022303 0.061594 0.167183 217.794442 105.232056
0.245464 0.400958 0.300229 0.635664 0.228350 0.361840 0.351082 0.330546 -0.269913 -0.125666 -0.466480 -0.419539 -0.023226 -0.022309 0.061611 0.166740 217.719176 105.255809
0.248145 0.399381 0.299536 0.634311 0.229546 0.361205 0.350437 0.329881 -0.266254 -0.125785 -0.466923 -0.418958 -0.019455 -0.062648 0.102782 0.162493 217.483826 105.317092
0.246241 0.400448 0.297644 0.636409 0.221764 0.362264 0.351494 0.330933 -0.271208 -0.126303 -0.466048 -0.420030 -0.023253 -0.062662 0.103049 0.166446 217.116739 105.412331
0.245279 0.401632 0.297071 0.635184 0.221337 0.361566 0.350817 0.330296 -0.270686 -0.126548 -0.465150 -0.419221 -0.023209 -0.090636 0.136809 0.163682 216.855855 105.438509
0.247271 0.401693 0.298094 0.633327 0.219905 0.360644 0.350871 0.328392 -0.275614 -0.126079 -0.510180 -0.340120 -0.082831 -0.062429 0.149047 0.162241 215.765031 105.499415
0.247507 0.401098 0.298378 0.633931 0.220115 0.360988 0.351206 0.328705 -0.268051 -0.126199 -0.510667 -0.340444 -0.082910 -0.062610 0.150167 0.162396 215.435265 105.518967
0.247293 0.397819 0.301052 0.629473 0.222857 0.357744 0.352857 0.326466 -0.273684 -0.124868 -0.520000 -0.332331 -0.082350 -0.062190 0.149060 0.162256 215.131934 105.594620
0.246909 0.400921 0.298246 0.637562 0.209750 0.365718 0.353006 0.330515 -0.282600 -0.129077 -0.522175 -0.324648 -0.082873 -0.031780 0.116609 0.161835 214.711556 105.598396
0.246743 0.402607 0.297069 0.635180 0.221336 0.361564 0.350815 0.330294 -0.270685 -0.150489 -0.529643 -0.313681 -0.021743 -0.127525 0.152443 0.163681 214.572146 105.611427
0.249045 0.403168 0.304333 0.626281 0.209902 0.365983 0.353262 0.330755 -0.282805 -0.129170 -0.522553 -0.324883 -0.082933 -0.031803 0.116694 0.161952 214.062986 105.674522
0.251147 0.397730 0.308803 0.625423 0.208149 0.365482 0.351801 0.331279 -0.282418 -0.128994 -0.521838 -0.322484 -0.084041 -0.062420 0.148538 0.159776 213.896591 105.748738
0.246492 0.403972 0.299311 0.626010 0.209322 0.365825 0.348218 0.329634 -0.276814 -0.178022 -0.520371 -0.317896 -0.024392 -0.046584 0.138407 0.153079 213.116701 105.820885
0.246968 0.403951 0.299296 0.625978 0.209311 0.365806 0.348200 0.329616 -0.276799 -0.178012 -0.520344 -0.317879 -0.024391 -0.046582 0.138400 0.153071 213.086960 105.822577
0.246530 0.400122 0.304249 0.624152 0.208866 0.363925 0.346316 0.328707 -0.277836 -0.178539 -0.522409 -0.318924 -0.013421 -0.045368 0.136961 0.152614 212.971456 105.914749
0.248262 0.400359 0.304194 0.624089 0.208520 0.364052 0.346389 0.328726 -0.277700 -0.178591 -0.522036 -0.318913 -0.013400 -0.045384 0.136887 0.152588 212.922699 105.919786
0.248384 0.398978 0.304123 0.621937 0.207801 0.362797 0.345195 0.326615 -0.273809 -0.176020 -0.516325 -0.334438 -0.013354 -0.045227 0.136415 0.162329 212.787329 105.983674
0.247236 0.400659 0.301960 0.619556 0.207170 0.361571 0.344958 0.326391 -0.279484 -0.172479 -0.521834 -0.333231 -0.013315 -0.045196 0.136810 0.163684 212.320118 106.056113
0.248010 0.398186 0.302308 0.620270 0.207409 0.361009 0.345355 0.326767 -0.278828 -0.172189 -0.522436 -0.333615 -0.013941 -0.045248 0.136479 0.166318 212.220724 106.072007
0.248415 0.399029 0.302205 0.622015 0.198047 0.364798 0.352084 0.327634 -0.278733 -0.172619 -0.522258 -0.334480 -0.013967 -0.045355 0.136433 0.164795 211.567691 106.141641
0.248114 0.400498 0.302816 0.615400 0.197319 0.363379 0.350680 0.333097 -0.256905 -0.182178 -0.505995 -0.331144 -0.083030 -0.000162 0.093775 0.184620 210.817648 106.178840
0.245469 0.400966 0.300235 0.620030 0.197549 0.363803 0.351090 0.333486 -0.257205 -0.174078 -0.530057 -0.309037 -0.062101 -0.063568 0.145717 0.178968 210.344630 106.235856
0.246974 0.402983 0.300281 0.616211 0.198557 0.363858 0.351143 0.334515 -0.254309 -0.181929 -0.530137 -0.313974 -0.021763 -0.127644 0.146228 0.188287 209.122925 106.319684
0.246022 0.400637 0.301450 0.612625 0.197401 0.361740 0.349099 0.332568 -0.252829 -0.180870 -0.527052 -0.325761 -0.021636 -0.126901 0.180870 0.179898 208.120877 106.437312
0.245942 0.399962 0.311951 0.592609 0.197047 0.361824 0.351067 0.333465 -0.274791 -0.188735 -0.528067 -0.309017 -0.061730 -0.029826 0.109281 0.196069 206.415413 106.492016
0.250606 0.399404 0.312279 0.593232 0.189423 0.362204 0.357310 0.331857 -0.275079 -0.188934 -0.528622 -0.309342 -0.061917 -0.030102 0.119430 0.195786 205.771040 106.584773
0.252000 0.400062 0.312793 0.588326 0.190716 0.365743 0.351034 0.332404 -0.275533 -0.189245 -0.529493 -0.309852 -0.062142 -0.030213 0.119871 0.196109 205.228979 106.605505
0.249682 0.397733 0.311736 0.592201 0.189583 0.360598 0.348871 0.327372 -0.269715 -0.211082 -0.521841 -0.305873 -0.046174 -0.062421 0.152448 0.194957 205.126735 106.718814
0.249906 0.397489 0.310907 0.590330 0.188414 0.361085 0.349279 0.333536 -0.277455 -0.190381 -0.531297 -0.310907 -0.062477 -0.030377 0.120526 0.197269 204.756231 106.720011
0.252504 0.396372 0.309268 0.587218 0.195739 0.359182 0.350374 0.328842 -0.270120 -0.211888 -0.524582 -0.307311 -0.046366 -0.062637 0.153655 0.195250 203.992106 106.737788
0.250852 0.399195 0.311470 0.583514 0.189248 0.361739 0.349911 0.328227 -0.269087 -0.233110 -0.520432 -0.292743 -0.046326 -0.062713 0.152285 0.195162 201.946414 106.837466
0.248476 0.395214 0.309128 0.586951 0.187335 0.359019 0.347280 0.327715 -0.268041 -0.230868 -0.518474 -0.304236 -0.045978 -0.062119 0.151629 0.199074 201.024370 106.912394
0.248195 0.395363 0.308908 0.586731 0.187482 0.358450 0.346793 0.325422 -0.268109 -0.231195 -0.518732 -0.304051 -0.045899 -0.062049 0.151540 0.193796 199.522520 106.927465
0.294170 0.322512 0.438812 0.499405 0.260942 0.337172 0.350854 0.332285 -0.307853 -0.181780 -0.484746 -0.344013 -0.020035 -0.009407 0.103106 0.167609 198.412564 106.940492
0.289034 0.322346 0.438940 0.499686 0.261600 0.337043 0.350760 0.332144 -0.307650 -0.181749 -0.484989 -0.343902 -0.020024 -0.009400 0.049356 0.195955 198.163168 106.953193
0.288396 0.322612 0.438948 0.499560 0.261022 0.337276 0.350963 0.332388 -0.307948 -0.181836 -0.484895 -0.344119 -0.020041 -0.009410 0.049369 0.196011 198.141384 106.959144
0.288267 0.322469 0.438753 0.499338 0.260906 0.337126 0.350807 0.332240 -0.307811 -0.181755 -0.485657 -0.343967 -0.020032 -0.009405 0.049347 0.195924 198.059381 106.973224
0.293744 0.328014 0.433762 0.496427 0.251641 0.337805 0.359347 0.339764 -0.258495 -0.185548 -0.511114 -0.299619 -0.062176 -0.101586 0.143445 0.177225 197.614888 107.185083
0.294465 0.328706 0.434361 0.497950 0.252399 0.338488 0.359033 0.340445 -0.278813 -0.172668 -0.522407 -0.290552 -0.062488 -0.072149 0.137939 0.167777 196.648770 107.207728
0.289144 0.331148 0.431762 0.495256 0.253001 0.336032 0.357522 0.337009 -0.277422 -0.178273 -0.523585 -0.289144 -0.062273 -0.072042 0.119907 0.185111 196.455063 107.237778
0.286266 0.327582 0.432841 0.496784 0.252819 0.337420 0.358078 0.339387 -0.283314 -0.178547 -0.523345 -0.290201 -0.058778 -0.072796 0.120753 0.183958 196.115811 107.244677
0.286526 0.327598 0.433212 0.496775 0.252299 0.337377 0.357913 0.339333 -0.286526 -0.178468 -0.522201 -0.290438 -0.058797 -0.072854 0.120771 0.184335 195.913385 107.247937
0.281436 0.325410 0.429971 0.492512 0.251142 0.334205 0.355703 0.337136 -0.283390 -0.177363 -0.510102 -0.320524 -0.062297 -0.072069 0.119952 0.197396 195.832899 107.303338
0.284527 0.325593 0.430213 0.493767 0.251284 0.334393 0.355904 0.337326 -0.283550 -0.177463 -0.520167 -0.304082 -0.062332 -0.072110 0.120020 0.197507 195.614503 107.345720
0.284622 0.325701 0.430356 0.492954 0.251367 0.334504 0.356022 0.337438 -0.283644 -0.177522 -0.520340 -0.304184 -0.062353 -0.072134 0.120060 0.197573 195.571814 107.349768
0.277943 0.323941 0.427680 0.492272 0.250540 0.333727 0.354279 0.335685 -0.281858 -0.191820 -0.518696 -0.302410 -0.061656 -0.070954 0.153162 0.180565 194.495801 107.422210
0.293520 0.330699 0.433431 0.497027 0.201061 0.372770 0.359072 0.341461 -0.283736 -0.197637 -0.518551 -0.288628 -0.062251 -0.071912 0.119854 0.197147 194.073771 107.520573
0.282414 0.333229 0.448540 0.460267 0.200328 0.368409 0.317594 0.304890 -0.295118 -0.213521 -0.490560 -0.315639 -0.085506 -0.061686 0.103340 0.080620 192.917180 107.629104
0.282663 0.333523 0.447958 0.459695 0.200016 0.367756 0.317874 0.305159 -0.295378 -0.213709 -0.490993 -0.315918 -0.085581 -0.061374 0.104165 0.086071 192.754967 107.656420
0.286798 0.328887 0.448305 0.461030 0.200171 0.368041 0.318120 0.305395 -0.295607 -0.214364 -0.491373 -0.316163 -0.085648 -0.061789 0.104490 0.080998 192.409772 107.709353
0.280503 0.333280 0.439812 0.465224 0.197427 0.368465 0.331325 0.316665 -0.309823 -0.195472 -0.499432 -0.350873 -0.012950 -0.125102 0.120704 0.082098 191.900152 107.737463
0.282487 0.333316 0.445724 0.453544 0.198914 0.365572 0.317676 0.300082 -0.294217 -0.241434 -0.467228 -0.330383 -0.084306 -0.060847 0.119495 0.086506 191.691952 107.804958
0.282322 0.333120 0.445463 0.453278 0.198797 0.365357 0.317490 0.299906 -0.294044 -0.241781 -0.467931 -0.330189 -0.084013 -0.060812 0.119425 0.086699 191.571609 107.823311
0.288526 0.332539 0.443059 0.449906 0.196589 0.364815 0.317868 0.298307 -0.302219 -0.243047 -0.464576 -0.334495 -0.087780 -0.061740 0.092915 0.108809 190.607838 107.849155
0.288884 0.332951 0.443609 0.450464 0.196833 0.365267 0.318262 0.298677 -0.294760 -0.242369 -0.469070 -0.330993 -0.084707 -0.060959 0.093275 0.109188 190.582803 107.859456
0.276520 0.329283 0.447512 0.453375 0.198840 0.364459 0.317558 0.298016 -0.298016 -0.241344 -0.482688 -0.311695 -0.084031 -0.062412 0.119451 0.086473 190.165694 107.913373
0.286362 0.330343 0.441760 0.448601 0.195958 0.363572 0.315682 0.303954 -0.313728 -0.248246 -0.431009 -0.406576 -0.021318 -0.064749 0.093092 0.116060 189.758028 107.964074
0.287426 0.329608 0.441440 0.448307 0.195705 0.363943 0.318818 0.307046 -0.316856 -0.247206 -0.429668 -0.410049 -0.021520 -0.058246 0.079459 0.120660 189.608650 107.966383
0.282489 0.330385 0.439862 0.446704 0.195494 0.362641 0.317678 0.305948 -0.315723 -0.249255 -0.433019 -0.408583 -0.021443 -0.058037 0.079175 0.120229 189.423603 108.021798
0.289099 0.330120 0.439508 0.446345 0.195337 0.362350 0.318399 0.305702 -0.315469 -0.249055 -0.432671 -0.408254 -0.021426 -0.057991 0.083751 0.116470 189.245322 108.056114
0.287402 0.327345 0.435486 0.452049 0.198258 0.359495 0.315655 0.302989 -0.312732 -0.259149 -0.429641 -0.405285 -0.021251 -0.057480 0.083054 0.115448 188.536234 108.107060
0.287527 0.327624 0.439114 0.445960 0.195107 0.361853 0.315888 0.303174 -0.312954 -0.259165 -0.430312 -0.405862 -0.021271 -0.057579 0.078972 0.120047 188.494037 108.151667
0.271558 0.332121 0.436642 0.444456 0.194389 0.362403 0.329191 0.312585 -0.281326 -0.242742 -0.498182 -0.319423 -0.081565 -0.060441 0.037730 0.141640 187.818377 108.204056
0.273739 0.331420 0.437005 0.443848 0.194061 0.361726 0.334352 0.310889 -0.281560 -0.243432 -0.499573 -0.316755 -0.081633 -0.060736 0.037884 0.145179 187.643919 108.213138
0.270995 0.331433 0.435737 0.443535 0.193986 0.361652 0.328508 0.311937 -0.280743 -0.250524 -0.495200 -0.318760 -0.081396 -0.060316 0.037530 0.139884 187.502031 108.270385
0.280482 0.329347 0.436848 0.443689 0.193992 0.361597 0.328369 0.308823 -0.280482 -0.242368 -0.498418 -0.319574 -0.083314 -0.060470 0.037748 0.141707 187.276798 108.279761
0.282858 0.327726 0.436968 0.443795 0.194099 0.361864 0.328701 0.312120 -0.280908 -0.242380 -0.498416 -0.319923 -0.083394 -0.060473 0.037796 0.141917 187.012554 108.296340
0.282568 0.327544 0.437051 0.443895 0.194082 0.361765 0.328522 0.308967 -0.280612 -0.242480 -0.498649 -0.319722 -0.083353 -0.060498 0.037765 0.141773 186.972350 108.305015
0.281850 0.326712 0.435942 0.442769 0.193589 0.360847 0.327688 0.309158 -0.278925 -0.252593 -0.497383 -0.315985 -0.081434 -0.060466 0.037791 0.143851 186.579254 108.387041
0.282541 0.325558 0.435055 0.441899 0.193086 0.359776 0.323603 0.309916 -0.279609 -0.253212 -0.498603 -0.316759 -0.081634 -0.060614 0.037884 0.144204 186.160284 108.466988
0.278934 0.326228 0.434327 0.441083 0.193034 0.358078 0.313681 0.304029 -0.311750 -0.243223 -0.505750 -0.316576 -0.052964 -0.111477 0.122577 0.136572 184.751134 108.515690
0.269841 0.332413 0.444847 0.400851 0.197981 0.358811 0.320681 0.312860 -0.314815 -0.249799 -0.510352 -0.320681 -0.053651 -0.113167 0.122211 0.136876 184.536350 108.633207
0.271893 0.332531 0.445004 0.400993 0.197562 0.358937 0.320794 0.312970 -0.314926 -0.249887 -0.510532 -0.319816 -0.051713 -0.112718 0.121765 0.135457 184.497227 108.643500
0.276421 0.332096 0.445399 0.400469 0.198281 0.359445 0.319398 0.312561 -0.314514 -0.249072 -0.509865 -0.319398 -0.053599 -0.112815 0.121850 0.135769 184.286941 108.645234
0.278343 0.330105 0.441442 0.401400 0.198258 0.359404 0.321315 0.313502 -0.315455 -0.250997 -0.511760 -0.320339 -0.053593 -0.113046 0.122080 0.136730 183.711430 108.728616
0.281764 0.331659 0.441234 0.401122 0.194691 0.360031 0.321876 0.314049 -0.316006 -0.250456 -0.510696 -0.320897 -0.053687 -0.112999 0.124250 0.138436 183.583281 108.731629
0.290496 0.329619 0.446991 0.391240 0.199043 0.359941 0.320817 0.313970 -0.314948 -0.250393 -0.510568 -0.319839 -0.053795 -0.112970 0.122018 0.136445 182.920485 108.778258
0.290496 0.329620 0.446992 0.391240 0.199043 0.359941 0.320817 0.312992 -0.314948 -0.250394 -0.510568 -0.319839 -0.053795 -0.112971 0.122018 0.136445 182.898258 108.780578
0.291832 0.331849 0.445068 0.389434 0.198133 0.359178 0.321113 0.313304 -0.317208 -0.249863 -0.511438 -0.320137 -0.053559 -0.112731 0.123955 0.138108 182.525870 108.790077
0.279900 0.328664 0.436918 0.396932 0.191151 0.358897 0.320861 0.309158 -0.323787 -0.254544 -0.509087 -0.323787 -0.084360 -0.061198 0.089724 0.161406 181.802541 108.856019
0.280779 0.329695 0.438289 0.389373 0.191262 0.360023 0.320890 0.310129 -0.324804 -0.257299 -0.506772 -0.326760 -0.085114 -0.061757 0.090495 0.162891 181.331234 108.868059
0.272028 0.328783 0.437398 0.395322 0.190811 0.359117 0.320954 0.313126 -0.323890 -0.254415 -0.518615 -0.335632 -0.013577 -0.132589 0.092959 0.167816 181.096947 109.003974
0.279380 0.328223 0.436654 0.396603 0.190975 0.358506 0.320408 0.308686 -0.323339 -0.253982 -0.517733 -0.335061 -0.013554 -0.132364 0.092801 0.167531 181.043417 109.013025
0.279465 0.328323 0.436786 0.395746 0.191033 0.358614 0.320505 0.309757 -0.323437 -0.254059 -0.517890 -0.335163 -0.013527 -0.132404 0.092829 0.167581 180.981596 109.018936
0.279528 0.328396 0.436885 0.394858 0.190587 0.358695 0.320578 0.309826 -0.324487 -0.254116 -0.518006 -0.335238 -0.013561 -0.132434 0.092850 0.167619 180.846446 109.024853
0.279683 0.320755 0.442016 0.396055 0.190693 0.358894 0.320755 0.309998 -0.323689 -0.254257 -0.518294 -0.335424 -0.013538 -0.132507 0.092902 0.166734 179.554803 109.109871
0.280134 0.321273 0.442729 0.389837 0.191490 0.361432 0.321273 0.310498 -0.324211 -0.255647 -0.519130 -0.335965 -0.013560 -0.132721 0.093052 0.170921 178.780881 109.139468
0.272768 0.328495 0.441904 0.350003 0.248815 0.302098 0.350003 0.315785 -0.321651 -0.260058 -0.527938 -0.336316 -0.013596 -0.132962 0.102899 0.172069 177.325390 109.202869
0.288687 0.326853 0.501044 0.203060 0.332724 0.232418 0.334681 0.300430 -0.304345 -0.328810 -0.432541 -0.421777 -0.022691 -0.156087 0.098349 0.059205 176.799478 109.204940
0.274809 0.323707 0.442041 0.352068 0.251337 0.304148 0.346200 0.315883 -0.321751 -0.260139 -0.528102 -0.338376 -0.013386 -0.126647 0.116623 0.172122 176.666489 109.218915
0.274928 0.323847 0.442232 0.352220 0.250468 0.304279 0.350264 0.316020 -0.321890 -0.260252 -0.528331 -0.336566 -0.013606 -0.133061 0.102976 0.172197 176.533193 109.236602
0.288789 0.321094 0.507093 0.202641 0.334799 0.232010 0.336757 0.301515 -0.307388 -0.331862 -0.430735 -0.417030 -0.022516 -0.154673 0.097894 0.059104 176.445315 109.277586
0.288978 0.320324 0.507425 0.202284 0.334039 0.231672 0.335998 0.301712 -0.307590 -0.331100 -0.428079 -0.427099 -0.012520 -0.154774 0.099673 0.062693 176.427924 109.303172
0.288460 0.320728 0.506516 0.202411 0.334418 0.231746 0.336373 0.301171 -0.307038 -0.331484 -0.428289 -0.427311 -0.012528 -0.154497 0.091183 0.062214 176.199758 109.303776
0.288338 0.320593 0.506302 0.202814 0.332322 0.232137 0.336232 0.299090 -0.312774 -0.331345 -0.431041 -0.417357 -0.022481 -0.154432 0.088701 0.060966 176.127494 109.326715
0.288191 0.320430 0.506044 0.202711 0.334107 0.232018 0.336060 0.298937 -0.312614 -0.331176 -0.430822 -0.419099 -0.020454 -0.153865 0.099402 0.062401 176.075408 109.329679
0.288280 0.320528 0.504246 0.201796 0.336164 0.231601 0.330301 0.297075 -0.320528 -0.257009 -0.517927 -0.373298 -0.024186 -0.218897 0.116045 0.070604 175.487809 109.342236
0.288561 0.319863 0.502781 0.201504 0.332579 0.229382 0.330623 0.304212 -0.329645 -0.268998 -0.500825 -0.388335 -0.022865 -0.188298 0.113957 0.075075 175.215056 109.424257
0.288507 0.319802 0.502686 0.201466 0.332516 0.229338 0.330560 0.304155 -0.329582 -0.268947 -0.500730 -0.388262 -0.024389 -0.188263 0.113936 0.075061 175.189189 109.424596
0.288507 0.319802 0.502686 0.201466 0.332516 0.229338 0.330560 0.304155 -0.329582 -0.268947 -0.500730 -0.388262 -0.024389 -0.188263 0.113936 0.074816 175.184538 109.425326
0.288552 0.319852 0.502765 0.201497 0.332568 0.229374 0.330612 0.304202 -0.329634 -0.268989 -0.500809 -0.390279 -0.014489 -0.203943 0.113954 0.075072 175.121858 109.431073
0.288502 0.320775 0.499744 0.200485 0.331533 0.228357 0.331533 0.304150 -0.329577 -0.267965 -0.498766 -0.397057 -0.024388 -0.187771 0.111978 0.067480 174.907233 109.455027
0.288083 0.320309 0.499018 0.200193 0.331051 0.227537 0.329098 0.302731 -0.328122 -0.267575 -0.499018 -0.400387 -0.024231 -0.187010 0.113036 0.073974 174.675801 109.476178
0.287428 0.318713 0.499578 0.200418 0.330445 0.228281 0.329467 0.303071 -0.328490 -0.267875 -0.498600 -0.401813 -0.024258 -0.187219 0.113407 0.073324 174.169780 109.513041
0.288502 0.318819 0.498766 0.199995 0.330555 0.227868 0.329577 0.303171 -0.328599 -0.267964 -0.499744 -0.400969 -0.024266 -0.187282 0.113200 0.074081 173.803656 109.534504
0.287597 0.323792 0.492046 0.200047 0.329661 0.230371 0.329661 0.302271 -0.305205 -0.307162 -0.498894 -0.364877 -0.023355 -0.210318 0.078013 0.098800 172.071702 109.580331
0.287137 0.323273 0.493211 0.199238 0.329133 0.230002 0.329133 0.301786 -0.309600 -0.306670 -0.498094 -0.364292 -0.023318 -0.215352 0.077888 0.098886 171.884683 109.595158
0.287175 0.323317 0.493277 0.199265 0.329177 0.230033 0.329177 0.301827 -0.309641 -0.306711 -0.498161 -0.364342 -0.023321 -0.210009 0.077899 0.098167 171.877195 109.605270
0.287179 0.323321 0.493284 0.199267 0.329182 0.230036 0.329182 0.301831 -0.309646 -0.306715 -0.498168 -0.364346 -0.023199 -0.210012 0.077900 0.098168 171.875859 109.605420
0.287389 0.323557 0.491690 0.199902 0.329422 0.230205 0.329422 0.302052 -0.309872 -0.306940 -0.498533 -0.364613 -0.023338 -0.210166 0.077957 0.098729 171.741275 109.612926
0.287385 0.323552 0.491682 0.199899 0.329417 0.230201 0.329417 0.302047 -0.308890 -0.309867 -0.496569 -0.364607 -0.022849 -0.209185 0.088952 0.097994 171.736684 109.628347
0.287284 0.323439 0.491510 0.199829 0.329302 0.230121 0.329302 0.301942 -0.309759 -0.306827 -0.499327 -0.364480 -0.022963 -0.210089 0.089410 0.098937 171.677768 109.631223
0.286541 0.322725 0.491912 0.199503 0.329571 0.228353 0.329571 0.301210 -0.309034 -0.310012 -0.497779 -0.363799 -0.023410 -0.210260 0.086305 0.098285 171.622474 109.663906
0.286335 0.323471 0.490581 0.199360 0.329334 0.229654 0.329334 0.301971 -0.309789 -0.310766 -0.497422 -0.364515 -0.022904 -0.209621 0.089174 0.098214 171.540336 109.665180
0.287641 0.317971 0.495056 0.200566 0.329711 0.229917 0.329711 0.302317 -0.310144 -0.307209 -0.498969 -0.364933 -0.023359 -0.209861 0.078025 0.098816 171.143801 109.715591
0.287883 0.322038 0.489889 0.196151 0.329845 0.230306 0.329845 0.302521 -0.310328 -0.311304 -0.499647 -0.364977 -0.023421 -0.209813 0.087097 0.098319 170.808748 109.732244
0.287549 0.317869 0.493919 0.199524 0.329605 0.229843 0.329605 0.300264 -0.310044 -0.311022 -0.497831 -0.364815 -0.022923 -0.210771 0.089248 0.098295 170.622312 109.771588
0.289428 0.317784 0.493788 0.199471 0.329518 0.229783 0.329518 0.300184 -0.309962 -0.310940 -0.497699 -0.364719 -0.022917 -0.209738 0.089224 0.098269 170.391182 109.774372
0.289985 0.318395 0.491798 0.199854 0.330151 0.230224 0.330151 0.302720 -0.310558 -0.307619 -0.500615 -0.365420 -0.023390 -0.211121 0.089396 0.098458 169.564841 109.779773
0.288416 0.316769 0.491774 0.199936 0.330456 0.230244 0.330456 0.297215 -0.310903 -0.311880 -0.498618 -0.365653 -0.022976 -0.210202 0.089458 0.103879 167.986819 109.853468
0.289377 0.317729 0.490768 0.198458 0.332393 0.230720 0.330438 0.303064 -0.310885 -0.311863 -0.499567 -0.364655 -0.022974 -0.210190 0.089453 0.098985 167.379177 109.869235
0.291729 0.319140 0.485563 0.202155 0.331867 0.232992 0.333824 0.305435 -0.301519 -0.314245 -0.499268 -0.369067 -0.023679 -0.197260 0.111846 0.079296 166.392856 109.920120
0.288993 0.316423 0.488839 0.197887 0.331118 0.231194 0.331118 0.304667 -0.305647 -0.314464 -0.501574 -0.366384 -0.023511 -0.210622 0.087433 0.098698 165.931197 109.935889
0.288320 0.315686 0.487701 0.197426 0.330347 0.229679 0.335234 0.305913 -0.302003 -0.314709 -0.502362 -0.371396 -0.024312 -0.201824 0.112152 0.081365 165.151867 109.988748
0.300697 0.315389 0.485817 0.196873 0.332040 0.233114 0.333999 0.305594 -0.301676 -0.314410 -0.501488 -0.370239 -0.023752 -0.201281 0.111904 0.081296 164.538186 110.002345
0.300130 0.314795 0.485879 0.200413 0.331414 0.233163 0.334347 0.305018 -0.301108 -0.313817 -0.500543 -0.370519 -0.023768 -0.201390 0.111938 0.086764 163.842373 110.010942
0.293508 0.337535 0.417760 0.296443 0.243612 0.286660 0.323837 0.303292 -0.371777 -0.244590 -0.559622 -0.360037 -0.011771 -0.119115 0.086096 0.071665 163.703222 110.011697
0.293873 0.337119 0.417713 0.296822 0.243256 0.286993 0.323359 0.303702 -0.371519 -0.244239 -0.560226 -0.359724 -0.012255 -0.118925 0.086000 0.071748 163.463780 110.024664
0.301600 0.329018 0.438691 0.231096 0.306496 0.220325 0.324122 0.298662 -0.311392 -0.325101 -0.505278 -0.377000 -0.022889 -0.198292 0.122158 0.107714 163.280236 110.151585
0.302364 0.328785 0.438380 0.232889 0.306279 0.220168 0.323892 0.298450 -0.311171 -0.324871 -0.504919 -0.376732 -0.022873 -0.198151 0.121826 0.107638 163.122295 110.156635
0.295105 0.334191 0.414319 0.294128 0.241849 0.286310 0.318557 0.296082 -0.340054 -0.285333 -0.531579 -0.372301 -0.021742 -0.129475 0.109443 0.080616 162.324477 110.157701
0.293575 0.334676 0.412962 0.293575 0.237307 0.286725 0.319997 0.297489 -0.341526 -0.286725 -0.530392 -0.373819 -0.027706 -0.129173 0.116941 0.078042 162.288131 110.185556
0.293382 0.334456 0.412691 0.293382 0.237639 0.286537 0.319786 0.297294 -0.341301 -0.286537 -0.532000 -0.372595 -0.027688 -0.129088 0.116864 0.080680 162.165037 110.191623
0.293382 0.334455 0.412691 0.293382 0.237639 0.286536 0.319786 0.297294 -0.341301 -0.286536 -0.531999 -0.372595 -0.027688 -0.129088 0.116864 0.077991 162.120560 110.199792
0.292373 0.333443 0.414603 0.294329 0.237615 0.286506 0.319753 0.296285 -0.340288 -0.285529 -0.531944 -0.372556 -0.027685 -0.129075 0.116852 0.077983 162.098041 110.207396
0.294229 0.333329 0.414462 0.294229 0.241444 0.284454 0.318667 0.296184 -0.342127 -0.285432 -0.531763 -0.372429 -0.021749 -0.129519 0.109481 0.080644 161.955957 110.209740
0.294950 0.335126 0.407639 0.301810 0.232727 0.287111 0.319448 0.296910 -0.341006 -0.286131 -0.533067 -0.373343 -0.021803 -0.129837 0.109749 0.080842 161.854479 110.226626
0.289779 0.333833 0.414110 0.294674 0.241319 0.284884 0.319148 0.296632 -0.340686 -0.285863 -0.532566 -0.372992 -0.021782 -0.129715 0.109401 0.080766 161.663237 110.226977
0.300534 0.330881 0.426817 0.242776 0.295639 0.224177 0.330881 0.303471 -0.318155 -0.321091 -0.505132 -0.390596 -0.024596 -0.159077 0.110375 0.082720 160.905191 110.258471
0.299039 0.331289 0.426082 0.242359 0.296108 0.223791 0.331289 0.303926 -0.318584 -0.321516 -0.506217 -0.389924 -0.024553 -0.156849 0.110185 0.082822 160.902569 110.270433
0.298893 0.331127 0.425874 0.242729 0.295963 0.223682 0.331127 0.303777 -0.318429 -0.321359 -0.505970 -0.390710 -0.024603 -0.159214 0.110376 0.088398 160.881785 110.275425
0.308109 0.311043 0.470477 0.197092 0.325715 0.223990 0.330606 0.295393 -0.301262 -0.325715 -0.506668 -0.375599 -0.026226 -0.197581 0.121532 0.106371 160.381748 110.306752
0.307625 0.326180 0.430675 0.228033 0.300789 0.223150 0.330086 0.302742 -0.322274 -0.326180 -0.501966 -0.397471 -0.023926 -0.146488 0.111819 0.093264 159.753431 110.346869
0.295295 0.332451 0.405786 0.294317 0.238094 0.287473 0.324629 0.308006 -0.332451 -0.289428 -0.543656 -0.371563 -0.012956 -0.129069 0.091180 0.085557 159.381516 110.359516
0.298857 0.328157 0.425823 0.242211 0.295927 0.223655 0.331087 0.303740 -0.318390 -0.321320 -0.509815 -0.389686 -0.024539 -0.156754 0.110118 0.090341 159.348159 110.389290
0.306831 0.309763 0.468064 0.197388 0.319534 0.221817 0.327352 0.299991 -0.314648 -0.316603 -0.508128 -0.388913 -0.022414 -0.196411 0.114817 0.107489 158.634950 110.393179
0.304891 0.325413 0.428021 0.244304 0.296097 0.223783 0.331276 0.303914 -0.318573 -0.321504 -0.506198 -0.389909 -0.024919 -0.156843 0.110181 0.082819 158.524029 110.414605
0.292490 0.329663 0.406943 0.296403 0.238688 0.287599 0.324772 0.308142 -0.333576 -0.289556 -0.543895 -0.371727 -0.012992 -0.128148 0.100513 0.081927 158.518472 110.438859
0.308101 0.322773 0.431342 0.228386 0.301254 0.223496 0.330597 0.303211 -0.322773 -0.326685 -0.502743 -0.398086 -0.023963 -0.146715 0.111992 0.093408 158.344305 110.439065
0.306741 0.323348 0.425920 0.242267 0.295995 0.223217 0.330186 0.302833 -0.318463 -0.321394 -0.509932 -0.392706 -0.024544 -0.145555 0.109899 0.093292 158.301857 110.480601
0.303175 0.323712 0.426401 0.243518 0.299263 0.223469 0.328602 0.303175 -0.317844 -0.321756 -0.508551 -0.393149 -0.023472 -0.145230 0.105133 0.084351 157.807605 110.485839
0.305815 0.322371 0.425608 0.242022 0.295101 0.223517 0.331137 0.303867 -0.318476 -0.322371 -0.510340 -0.393468 -0.024835 -0.145603 0.111272 0.090332 157.691933 110.525404
0.307747 0.319470 0.431822 0.227635 0.299931 0.224215 0.332171 0.304816 -0.319470 -0.323378 -0.511934 -0.394697 -0.024913 -0.146058 0.111619 0.090614 157.353912 110.541797
0.308225 0.320004 0.429944 0.227733 0.300372 0.224297 0.332765 0.305280 -0.320004 -0.323931 -0.512399 -0.394607 -0.024908 -0.146260 0.111658 0.083928 156.828460 110.549288
0.308057 0.319792 0.430302 0.227864 0.300233 0.219552 0.332506 0.305123 -0.319792 -0.323704 -0.512450 -0.395095 -0.024938 -0.146205 0.111732 0.083615 156.810085 110.572336
0.295508 0.330734 0.408036 0.232395 0.292572 0.214781 0.325842 0.298443 -0.316057 -0.331713 -0.528392 -0.385530 -0.012415 -0.210378 0.117665 0.106168 156.520207 110.584736
0.296110 0.331291 0.407518 0.231611 0.292201 0.214509 0.325428 0.298065 -0.315655 -0.331291 -0.529675 -0.385041 -0.012368 -0.209622 0.115561 0.087709 155.995093 110.607751
0.299028 0.330298 0.407498 0.231600 0.292187 0.214499 0.325412 0.298050 -0.315640 -0.331276 -0.529650 -0.385022 -0.012368 -0.209612 0.115556 0.087705 155.797507 110.616611
0.296487 0.330735 0.408037 0.231906 0.292573 0.214782 0.325842 0.298444 -0.316057 -0.331713 -0.528393 -0.385531 -0.012384 -0.209889 0.115708 0.084641 155.774150 110.619262
0.296225 0.330442 0.407675 0.231700 0.292314 0.214592 0.325554 0.298180 -0.315777 -0.331420 -0.529880 -0.385190 -0.012373 -0.209703 0.115606 0.087743 155.750556 110.631178
0.295197 0.331484 0.403077 0.230470 0.287352 0.213307 0.322658 0.296178 -0.319715 -0.327561 -0.535474 -0.389347 -0.012443 -0.208403 0.115235 0.084587 155.028379 110.679166
0.295262 0.331436 0.402808 0.230735 0.287440 0.213136 0.322637 0.296240 -0.319704 -0.327526 -0.535773 -0.389120 -0.012435 -0.208248 0.115367 0.084570 154.994799 110.683501
0.295345 0.331529 0.402920 0.230799 0.287521 0.213196 0.322728 0.296323 -0.319794 -0.327617 -0.535923 -0.388251 -0.012438 -0.208306 0.115644 0.067235 154.340134 110.726526
0.295164 0.330350 0.401697 0.230170 0.286368 0.212577 0.321553 0.295164 -0.318621 -0.334259 -0.533642 -0.388014 -0.012370 -0.209645 0.115573 0.084542 154.325185 110.754837
0.294271 0.330444 0.401812 0.229747 0.286450 0.212638 0.321645 0.295249 -0.318712 -0.334354 -0.533794 -0.388125 -0.012373 -0.209705 0.115606 0.084566 154.259981 110.761427
0.298240 0.328553 0.401890 0.229791 0.286506 0.212679 0.321708 0.295306 -0.318774 -0.334420 -0.533898 -0.388200 -0.012376 -0.209746 0.115629 0.084583 153.620632 110.787733
0.296328 0.328601 0.401950 0.230314 0.286548 0.212711 0.321756 0.295350 -0.318822 -0.334469 -0.533977 -0.388258 -0.012378 -0.209777 0.115646 0.084595 153.330295 110.811629
0.294153 0.330311 0.401650 0.229654 0.286335 0.212552 0.321516 0.295130 -0.318584 -0.334220 -0.533579 -0.387969 -0.015544 -0.209620 0.100168 0.062788 152.997406 110.823580
0.296325 0.328598 0.401946 0.230312 0.286546 0.212709 0.321753 0.295347 -0.318819 -0.334466 -0.533972 -0.388255 -0.012377 -0.209775 0.113689 0.067236 152.908309 110.855412
0.297263 0.329638 0.396351 0.224173 0.286471 0.213872 0.325714 0.300206 -0.318846 -0.331600 -0.549397 -0.379672 -0.014348 -0.213872 0.109389 0.060826 152.277769 110.905827
0.296818 0.329145 0.402615 0.230695 0.287022 0.213553 0.323268 0.296818 -0.320329 -0.328166 -0.536820 -0.388901 -0.012459 -0.210124 0.115838 0.067347 152.124477 110.942815
0.295505 0.329639 0.395957 0.225773 0.283802 0.212120 0.320862 0.295505 -0.312084 -0.333540 -0.550048 -0.380353 -0.014355 -0.214558 0.091919 0.061198 151.545644 110.958691
0.295331 0.327603 0.399969 0.228833 0.285552 0.211719 0.320757 0.294353 -0.317823 -0.330536 -0.547634 -0.378454 -0.014302 -0.213186 0.100726 0.072121 151.114269 110.974707
0.295297 0.327564 0.399922 0.229295 0.285519 0.211695 0.320720 0.294319 -0.317786 -0.330498 -0.547570 -0.378410 -0.014300 -0.213161 0.109025 0.060624 150.984414 111.002877
0.295297 0.327564 0.399922 0.229295 0.285519 0.211695 0.320720 0.294319 -0.317786 -0.330498 -0.547570 -0.378410 -0.014300 -0.213161 0.109025 0.059768 150.967434 111.004931
0.295288 0.327554 0.399909 0.229288 0.285510 0.211688 0.320710 0.294310 -0.317776 -0.330488 -0.547553 -0.378398 -0.014300 -0.213155 0.099244 0.060622 150.715131 111.008217
0.295286 0.327553 0.399907 0.229287 0.285509 0.211687 0.320708 0.294308 -0.317775 -0.330486 -0.547551 -0.378397 -0.014300 -0.213154 0.097777 0.058911 150.634705 111.012824
0.296111 0.328361 0.394815 0.223305 0.285361 0.213044 0.324452 0.299043 -0.312725 -0.336179 -0.551178 -0.380156 -0.014415 -0.207669 0.088687 0.060957 150.374180 111.033972
0.296108 0.328357 0.394810 0.223302 0.285358 0.213041 0.324448 0.299040 -0.312721 -0.336175 -0.551171 -0.380152 -0.014414 -0.207666 0.085021 0.060468 150.284875 111.036286
0.296164 0.328314 0.394561 0.223585 0.285448 0.213355 0.324417 0.299087 -0.312726 -0.336108 -0.551411 -0.379948 -0.014431 -0.207997 0.088654 0.061011 150.272241 111.037509
0.295612 0.327807 0.394149 0.228782 0.284880 0.212684 0.323905 0.298539 -0.312197 -0.335612 -0.550248 -0.379515 -0.014390 -0.207318 0.088537 0.060854 149.822378 111.067829
0.295386 0.329507 0.386050 0.221296 0.280763 0.207160 0.327557 0.287587 -0.311959 -0.338281 -0.551778 -0.398723 -0.000091 -0.209598 0.077259 0.062270 149.744085 111.117370
0.288806 0.320134 0.404328 0.310344 0.238387 0.276079 0.329924 0.309365 -0.335798 -0.290764 -0.542368 -0.377895 -0.013064 -0.125312 0.120417 0.087866 149.714400 111.118008
0.296076 0.325390 0.396722 0.226210 0.284350 0.212530 0.321482 0.296076 -0.312687 -0.334185 -0.551112 -0.381088 -0.014382 -0.214973 0.092096 0.061316 149.241463 111.126357
0.298235 0.323658 0.396994 0.226365 0.284545 0.212676 0.321702 0.296279 -0.312902 -0.334414 -0.551490 -0.381349 -0.014392 -0.207786 0.097537 0.060625 149.105287 111.159755
0.298174 0.323593 0.396914 0.226319 0.284488 0.212633 0.321637 0.296219 -0.312839 -0.334346 -0.551378 -0.381272 -0.014389 -0.215077 0.092141 0.061346 148.826500 111.164618
0.298170 0.323587 0.396908 0.226316 0.284483 0.212629 0.321632 0.295237 -0.312834 -0.334341 -0.551370 -0.381266 -0.014389 -0.215562 0.091162 0.057434 148.612289 111.178749
0.294572 0.325889 0.390479 0.224110 0.285764 0.213834 0.323932 0.298487 -0.315124 -0.336654 -0.553913 -0.383629 -0.014313 -0.210409 0.077802 0.061532 148.457951 111.188587
0.296211 0.323766 0.389700 0.223389 0.283418 0.209119 0.319829 0.290307 -0.313925 -0.340495 -0.555027 -0.382811 -0.014485 -0.210103 0.099885 0.071101 148.209526 111.254053
0.295149 0.324469 0.395813 0.225760 0.285376 0.214032 0.323491 0.298081 -0.314696 -0.336196 -0.551206 -0.380176 -0.014599 -0.214521 0.091868 0.061204 147.544269 111.278704
0.296271 0.323649 0.388184 0.222448 0.282582 0.208270 0.318760 0.289427 -0.313871 -0.340272 -0.545608 -0.401873 -0.014484 -0.209248 0.099735 0.054390 147.422480 111.303117
0.296100 0.323462 0.387959 0.222319 0.282418 0.208149 0.318576 0.289259 -0.317599 -0.340075 -0.545292 -0.401640 -0.014475 -0.209126 0.099677 0.054358 147.210464 111.318320
0.295671 0.323084 0.388680 0.222732 0.281964 0.211963 0.322105 0.295671 -0.319168 -0.334832 -0.552180 -0.401407 -0.000091 -0.209515 0.077589 0.057519 147.083966 111.342926
0.295499 0.322897 0.388455 0.222603 0.281801 0.208415 0.318004 0.288650 -0.313112 -0.338552 -0.551860 -0.401175 -0.000091 -0.209394 0.077544 0.057485 146.878729 111.389606
0.295482 0.322787 0.387150 0.221855 0.281829 0.207715 0.317911 0.288656 -0.313035 -0.339365 -0.553907 -0.399827 -0.000091 -0.210153 0.077527 0.062412 146.695824 111.402262
0.296236 0.323611 0.390093 0.223399 0.283526 0.209223 0.319700 0.290370 -0.313834 -0.340231 -0.555320 -0.382271 -0.014482 -0.210200 0.099967 0.060738 146.407755 111.483720
0.292236 0.325467 0.368472 0.226752 0.265847 0.213557 0.323512 0.293214 -0.366517 -0.302010 -0.588382 -0.398771 -0.000089 -0.196453 0.091874 0.061208 145.216357 111.521178
0.292324 0.325564 0.368582 0.226820 0.265926 0.208733 0.312855 0.277658 -0.366626 -0.302100 -0.588558 -0.398890 -0.000089 -0.190157 0.085057 0.060493 145.158681 111.590565
0.294578 0.321981 0.368956 0.227539 0.266197 0.213838 0.323938 0.293599 -0.366999 -0.302407 -0.589156 -0.399295 -0.000089 -0.188882 0.091994 0.061411 144.588977 111.597853
0.295216 0.322587 0.369509 0.227766 0.266868 0.213592 0.324542 0.294239 -0.367554 -0.303036 -0.590432 -0.388082 -0.014969 -0.185732 0.078203 0.055231 144.327002 111.618234
0.294412 0.321799 0.368748 0.227411 0.266046 0.213228 0.323755 0.293434 -0.366792 -0.302237 -0.588823 -0.401026 -0.000089 -0.188776 0.088519 0.050128 144.101234 111.674195
0.294381 0.321765 0.368709 0.227387 0.266018 0.213206 0.323721 0.293403 -0.366753 -0.302205 -0.588761 -0.400984 -0.001047 -0.188756 0.088510 0.050123 144.063724 111.675807
0.293460 0.325740 0.356065 0.259223 0.260201 0.210802 0.314980 0.285634 -0.301285 -0.358021 -0.549748 -0.403018 -0.000092 -0.212269 0.069697 0.061993 143.437147 111.715042
0.296512 0.324891 0.354249 0.257369 0.258347 0.209418 0.314127 0.284769 -0.301405 -0.356206 -0.555838 -0.401221 -0.000000 -0.210396 0.069724 0.061896 143.250214 111.744486
0.296509 0.324888 0.354245 0.257366 0.258344 0.209416 0.314123 0.284766 -0.301402 -0.356202 -0.555832 -0.401217 -0.000091 -0.210394 0.069724 0.060549 143.239736 111.751225
0.294866 0.321228 0.368095 0.227008 0.265575 0.213339 0.324158 0.293890 -0.367118 -0.302677 -0.589732 -0.400315 -0.000089 -0.196252 0.088362 0.050039 142.767216 111.813891
0.293940 0.326273 0.356647 0.259647 0.260627 0.211147 0.315496 0.286102 -0.301778 -0.354688 -0.550647 -0.403678 -0.000092 -0.211637 0.088672 0.063197 142.451392 111.821333
0.295227 0.321621 0.353881 0.260034 0.260034 0.208223 0.314778 0.284473 -0.295227 -0.356814 -0.557216 -0.397872 -0.015000 -0.217510 0.097757 0.059998 141.380013 111.860754
0.294994 0.321367 0.353602 0.259829 0.259829 0.208058 0.314530 0.284249 -0.294994 -0.356532 -0.556776 -0.397558 -0.022161 -0.217338 0.097680 0.059951 141.303997 111.863631
0.295156 0.321631 0.353991 0.259855 0.259855 0.208374 0.314767 0.284369 -0.295156 -0.356932 -0.556971 -0.398117 -0.014954 -0.217689 0.088743 0.059693 141.294364 111.879203
0.305382 0.316149 0.349428 0.257422 0.258401 0.207014 0.321043 0.294616 -0.353343 -0.301467 -0.616638 -0.366067 -0.008289 -0.213376 0.097879 0.058972 140.317197 112.027930
0.296823 0.315314 0.348402 0.255949 0.256922 0.206316 0.320179 0.293903 -0.352295 -0.300716 -0.615056 -0.379544 -0.008242 -0.210696 0.088560 0.070800 139.447906 112.116259
0.307976 0.305034 0.367806 0.246185 0.263839 0.211856 0.322688 0.296206 -0.355055 -0.303072 -0.590451 -0.403115 0.000088 -0.188807 0.085821 0.060933 138.165569 112.122010
0.307101 0.304167 0.366761 0.245486 0.263090 0.211255 0.321772 0.295365 -0.354047 -0.302211 -0.588774 -0.411751 -0.000088 -0.188271 0.084844 0.065773 137.630133 112.142511
0.307068 0.304134 0.366721 0.245459 0.263061 0.211231 0.319781 0.290443 -0.331516 -0.327604 -0.582842 -0.392147 -0.015127 -0.188739 0.079212 0.076767 137.537342 112.150984
0.307158 0.307158 0.353134 0.258247 0.253356 0.209826 0.322809 0.296398 -0.247976 -0.385415 -0.569318 -0.381502 -0.012870 -0.242596 0.099044 0.071165 137.359624 112.257044
0.307157 0.307157 0.353133 0.258247 0.253356 0.209826 0.322809 0.296397 -0.247976 -0.385414 -0.569317 -0.381501 -0.012870 -0.242596 0.099044 0.063584 137.167415 112.299792
0.305412 0.304430 0.360405 0.264166 0.261220 0.216047 0.316214 0.287735 -0.249927 -0.382010 -0.569578 -0.368262 -0.013442 -0.243053 0.093293 0.063587 136.068733 112.318587
0.304126 0.303148 0.358888 0.263054 0.260121 0.215137 0.322706 0.286524 -0.248875 -0.380402 -0.567180 -0.381380 -0.013385 -0.242029 0.106346 0.062830 135.447755 112.350975
0.304121 0.303143 0.358882 0.263050 0.260116 0.215134 0.314878 0.286519 -0.248871 -0.380396 -0.567171 -0.381373 -0.013385 -0.242025 0.092899 0.071141 135.391039 112.356868
0.311131 0.299390 0.356137 0.261232 0.255362 0.218672 0.322871 0.296455 -0.249491 -0.386467 -0.569428 -0.382554 -0.000111 -0.250470 0.089034 0.072157 135.140806 112.448970
0.308371 0.299560 0.356339 0.261381 0.255507 0.218307 0.323055 0.296623 -0.249144 -0.386687 -0.569752 -0.382771 -0.000110 -0.250123 0.100588 0.072198 135.091317 112.459741
0.308346 0.299536 0.356311 0.261360 0.255487 0.218779 0.323029 0.296599 -0.249613 -0.386656 -0.569706 -0.382741 -0.000111 -0.250592 0.106453 0.061669 134.936678 112.508501
0.308314 0.299505 0.356274 0.261333 0.255460 0.219246 0.322996 0.296569 -0.250077 -0.386616 -0.569647 -0.382701 -0.000111 -0.250566 0.100814 0.060562 134.796593 112.524199
0.351523 0.268755 0.379762 0.245385 0.266807 0.211790 0.306731 0.280440 -0.328153 -0.321337 -0.586197 -0.407027 -0.000076 -0.188907 0.090802 0.060007 133.156587 112.609834
0.359821 0.261066 0.400888 0.221955 0.262044 0.211199 0.306044 0.275733 -0.327555 -0.321688 -0.584709 -0.407732 -0.000110 -0.188222 0.099489 0.062578 132.945255 112.636655
0.361940 0.258249 0.392265 0.223522 0.264118 0.212762 0.308138 0.281726 -0.329659 -0.323790 -0.588886 -0.410851 -0.000112 -0.190752 0.105158 0.062239 132.834951 112.693785
0.361869 0.258198 0.392187 0.223478 0.264066 0.212720 0.308077 0.281671 -0.329594 -0.323726 -0.588770 -0.410770 -0.000112 -0.198539 0.105138 0.062227 132.826547 112.713600
0.359105 0.256921 0.377595 0.247189 0.266652 0.211668 0.306553 0.280277 -0.327963 -0.321151 -0.585857 -0.422362 -0.000086 -0.185878 0.105347 0.062284 132.136242 112.757927
0.354137 0.258981 0.384548 0.231023 0.274677 0.208460 0.307049 0.282525 -0.330593 -0.323726 -0.590555 -0.411034 -0.000086 -0.198160 0.090741 0.074310 132.099007 112.791035
0.354007 0.258886 0.382446 0.240745 0.268693 0.213777 0.306937 0.283402 -0.330472 -0.323608 -0.590339 -0.410884 -0.000089 -0.155920 0.091199 0.059328 132.021286 112.796824
0.353437 0.258469 0.381830 0.246721 0.268260 0.212943 0.306443 0.281966 -0.329940 -0.323087 -0.589388 -0.409243 -0.000076 -0.158606 0.091296 0.060579 131.667877 112.828638
0.353308 0.258375 0.381691 0.247120 0.268162 0.213355 0.306331 0.281864 -0.329820 -0.322969 -0.589174 -0.410073 -0.000088 -0.155612 0.091019 0.059089 131.634412 112.831615
0.353259 0.258339 0.381637 0.247575 0.268124 0.213325 0.306288 0.281824 -0.329773 -0.322923 -0.589091 -0.410015 -0.000088 -0.155590 0.091006 0.059203 131.610968 112.833062
0.352043 0.260375 0.380323 0.256474 0.257449 0.208690 0.313035 0.280854 -0.328638 -0.321812 -0.587063 -0.407628 -0.000076 -0.190162 0.085085 0.060462 131.602138 112.882114
0.352554 0.258278 0.381033 0.246984 0.268098 0.213104 0.305416 0.281847 -0.329967 -0.323093 -0.589227 -0.408531 -0.000076 -0.189535 0.091085 0.060273 131.454886 112.890065
0.465365 0.164940 0.403513 0.230228 0.254282 0.211083 0.324970 0.289626 -0.350497 -0.334788 -0.604778 -0.412349 -0.013346 -0.155122 0.099160 0.078788 129.659980 112.995271
0.376738 0.227510 0.398265 0.304326 0.213811 0.267141 0.326832 0.304326 -0.328789 -0.295519 -0.610608 -0.369888 -0.013424 -0.171734 0.083910 0.083420 129.612213 113.030233
0.463831 0.164192 0.401467 0.229480 0.253353 0.209991 0.323513 0.288433 -0.348848 -0.333257 -0.602201 -0.420956 -0.025457 -0.155422 0.100854 0.069672 129.487303 113.078467
0.463051 0.164119 0.401506 0.229083 0.253017 0.210034 0.323354 0.288186 -0.348753 -0.333123 -0.601771 -0.421044 -0.030040 -0.155816 0.100865 0.069604 129.403818 113.096724
0.451142 0.165386 0.404168 0.230953 0.255419 0.211381 0.325879 0.290649 -0.351323 -0.335665 -0.604785 -0.423741 0.016514 -0.188384 0.106180 0.070950 129.374207 113.297378
0.464839 0.160492 0.392422 0.257374 0.254438 0.210401 0.315112 0.290647 -0.349364 -0.333706 -0.604781 -0.421781 0.022447 -0.188382 0.085384 0.073396 128.864240 113.317559
0.444130 0.154416 0.446091 0.230399 0.273537 0.207849 0.314715 0.283341 -0.342167 -0.311774 -0.558839 -0.458837 -0.025859 -0.197555 0.090444 0.074022 128.618785 113.565674
0.448208 0.154773 0.450161 0.238751 0.274393 0.206527 0.305641 0.279276 -0.336888 -0.322241 -0.574175 -0.408172 -0.026731 -0.199692 0.092522 0.067622 128.401520 113.663565
