0.318898 0.392265 0.473457 0.516498 0.325746 0.354114 0.346288 0.332593 -0.288574 -0.171677 -0.266075 -0.302269 -0.214718 -0.468565 0.086817 0.053557 216.671011 96.188168
0.318767 0.392103 0.474240 0.516286 0.325612 0.353968 0.346146 0.332457 -0.288455 -0.171606 -0.265965 -0.302144 -0.214630 -0.468373 0.086781 0.056469 216.605344 96.240294
0.318990 0.392378 0.473593 0.516647 0.325840 0.354216 0.346388 0.332689 -0.288657 -0.171726 -0.266151 -0.302356 -0.214780 -0.464786 0.086842 0.056508 216.476049 96.279863
0.317421 0.388718 0.470759 0.509826 0.329141 0.351604 0.343791 0.330117 -0.284214 -0.167989 -0.261750 -0.303747 -0.273470 -0.383835 0.082529 0.051276 215.647292 97.107634
0.318344 0.389849 0.471149 0.511309 0.322262 0.352627 0.344791 0.331078 -0.285040 -0.169947 -0.262511 -0.301692 -0.274265 -0.384951 0.083014 0.050078 215.578619 97.225191
0.318095 0.389544 0.470780 0.510909 0.322010 0.352351 0.344521 0.330819 -0.284817 -0.168346 -0.262306 -0.304392 -0.274051 -0.384650 0.082705 0.051018 215.440225 97.280227
0.317778 0.389156 0.470312 0.510401 0.321689 0.352001 0.344178 0.330489 -0.284534 -0.172089 -0.262045 -0.304089 -0.273778 -0.384267 0.082622 0.050967 215.437908 97.326183
0.322564 0.389032 0.470162 0.510238 0.321587 0.351888 0.344068 0.330384 -0.284443 -0.172034 -0.261961 -0.303992 -0.273691 -0.384145 0.082596 0.050950 215.273981 97.365397
0.304154 0.391195 0.463566 0.500730 0.313934 0.348164 0.325670 0.310022 -0.276771 -0.275793 -0.260145 -0.256233 -0.267969 -0.426403 0.089975 0.071882 215.242952 97.571100
0.310570 0.390907 0.462426 0.499655 0.313509 0.347799 0.325266 0.308610 -0.277260 -0.276280 -0.260604 -0.256686 -0.268442 -0.425197 0.089889 0.072009 214.952017 97.653158
0.310019 0.390213 0.462583 0.499747 0.312953 0.347182 0.324689 0.308063 -0.276768 -0.275790 -0.258186 -0.264054 -0.267966 -0.406839 0.097309 0.071637 214.752288 98.115552
0.310278 0.390539 0.461991 0.499185 0.313214 0.347472 0.324960 0.308320 -0.276999 -0.276020 -0.258402 -0.264274 -0.268190 -0.407178 0.101550 0.071941 214.589810 98.180176
0.307944 0.387130 0.461428 0.498577 0.314788 0.349004 0.318698 0.305012 -0.273728 -0.272751 -0.270796 -0.261020 -0.265908 -0.383220 0.095561 0.062444 214.240871 98.460170
0.308056 0.387020 0.461109 0.498154 0.314880 0.349000 0.318780 0.305132 -0.273936 -0.272961 -0.271011 -0.261263 -0.266137 -0.383120 0.095536 0.062391 214.144694 98.472904
0.313654 0.386938 0.461199 0.498329 0.314631 0.348831 0.318540 0.304860 -0.273593 -0.272615 -0.270661 -0.260890 -0.265776 -0.383030 0.095513 0.062413 214.079177 98.493047
0.308792 0.387944 0.458302 0.495435 0.316609 0.345925 0.322473 0.305860 -0.275567 -0.274590 -0.272636 -0.261887 -0.266773 -0.384036 0.095765 0.072068 214.004602 98.689275
0.309999 0.389210 0.456686 0.496780 0.311955 0.345204 0.323690 0.307065 -0.275772 -0.274794 -0.272838 -0.263059 -0.267949 -0.381387 0.100236 0.070165 213.859988 98.879477
0.309929 0.389122 0.458539 0.494713 0.311884 0.345126 0.323617 0.306996 -0.276687 -0.274732 -0.272777 -0.263000 -0.267888 -0.381301 0.100458 0.070394 213.609642 98.911404
0.308916 0.386145 0.452621 0.496612 0.311849 0.345087 0.323580 0.306961 -0.275679 -0.274701 -0.257104 -0.287410 -0.274701 -0.372459 0.100691 0.070142 212.813927 98.953396
0.309895 0.386147 0.452623 0.496614 0.311850 0.345088 0.323581 0.306962 -0.275680 -0.274702 -0.257105 -0.287411 -0.274702 -0.372461 0.107535 0.070142 212.805891 99.034677
0.316869 0.382394 0.462590 0.500731 0.315891 0.345231 0.331539 0.314913 -0.245965 -0.126161 -0.376527 -0.255256 -0.259168 -0.373593 0.111246 0.063569 211.827690 99.658045
0.316605 0.382076 0.462204 0.500314 0.315628 0.344943 0.331263 0.314651 -0.245760 -0.126056 -0.378167 -0.255043 -0.258952 -0.373281 0.110909 0.062173 211.822841 99.692330
0.316606 0.382078 0.462206 0.500316 0.315629 0.344945 0.331264 0.314652 -0.245761 -0.126056 -0.378169 -0.255044 -0.258953 -0.373283 0.111154 0.063517 211.786322 99.707529
0.316607 0.382078 0.462207 0.500318 0.315630 0.344946 0.331265 0.314653 -0.245761 -0.126057 -0.378170 -0.255045 -0.258953 -0.373284 0.111155 0.065716 211.718076 99.725099
0.316608 0.382079 0.462208 0.500318 0.315630 0.344946 0.331265 0.314653 -0.245762 -0.126057 -0.378170 -0.255045 -0.258954 -0.373284 0.111155 0.066693 211.688547 99.732869
0.304226 0.387375 0.453893 0.492044 0.317921 0.339442 0.336507 0.319877 -0.249935 -0.128147 -0.384440 -0.258250 -0.263141 -0.379549 0.112984 0.070921 211.637967 99.913100
0.306244 0.380604 0.462791 0.490187 0.317007 0.338532 0.335597 0.318964 -0.249007 -0.127683 -0.383539 -0.257324 -0.262216 -0.378647 0.111784 0.070201 211.605374 99.985043
0.306206 0.380557 0.462734 0.490126 0.316968 0.338490 0.335555 0.318924 -0.248976 -0.128157 -0.383492 -0.257292 -0.262183 -0.378600 0.111770 0.070193 211.588246 99.989449
0.302329 0.388847 0.459812 0.496752 0.313994 0.348018 0.317882 0.303301 -0.249834 -0.128320 -0.384959 -0.259555 -0.259555 -0.311078 0.083359 0.062216 210.921107 100.154062
0.304886 0.389903 0.457329 0.493486 0.315635 0.342997 0.321499 0.305863 -0.248697 -0.128990 -0.386971 -0.260912 -0.260912 -0.312704 0.089902 0.066938 210.763625 100.414786
0.296329 0.382392 0.456718 0.493882 0.314911 0.344250 0.320779 0.305131 -0.247919 -0.125671 -0.379458 -0.250364 -0.365766 -0.147187 0.050488 0.034474 210.414071 100.661718
0.303084 0.382277 0.456582 0.493734 0.314817 0.344147 0.320683 0.305040 -0.247845 -0.125633 -0.379344 -0.250289 -0.365656 -0.147143 0.061472 0.034464 210.413419 100.782920
0.305433 0.382284 0.446326 0.497560 0.317256 0.346814 0.323168 0.307403 -0.249765 -0.126607 -0.382284 -0.252228 -0.368490 -0.132518 0.061949 0.034731 209.900371 100.914677
0.300264 0.384377 0.458709 0.489029 0.308088 0.342320 0.318847 0.299286 -0.248916 -0.126170 -0.381443 -0.251361 -0.367750 -0.148176 0.061740 0.034966 209.645150 100.938396
0.303637 0.381244 0.454971 0.485044 0.305578 0.339531 0.316248 0.296847 -0.246887 -0.125141 -0.379304 -0.253193 -0.392885 -0.152304 0.097494 0.057841 209.494366 101.634330
0.303180 0.381420 0.454770 0.485088 0.305136 0.339366 0.315894 0.296334 -0.246945 -0.125184 -0.379464 -0.253302 -0.393156 -0.152079 0.097556 0.058802 209.464981 101.651715
0.303200 0.381445 0.454800 0.485120 0.305156 0.339388 0.315915 0.296354 -0.246961 -0.125192 -0.379489 -0.253319 -0.393182 -0.151600 0.099763 0.058806 209.452246 101.677655
0.304113 0.378430 0.455681 0.485994 0.305091 0.339316 0.315847 0.296290 -0.247397 -0.125166 -0.379408 -0.253265 -0.393098 -0.152057 0.097541 0.058916 209.291484 101.682130
0.306794 0.381050 0.463123 0.478755 0.304840 0.334152 0.327312 0.303863 -0.252079 -0.129459 -0.380073 -0.256965 -0.371280 -0.149977 0.059844 0.062776 208.998635 101.686970
0.305128 0.379454 0.461604 0.476274 0.303172 0.332511 0.325665 0.302194 -0.250361 -0.125670 -0.378476 -0.255251 -0.396080 -0.155987 0.088996 0.063324 208.887995 101.806623
0.305219 0.379567 0.461741 0.476415 0.303262 0.332610 0.325763 0.302284 -0.250436 -0.125707 -0.378589 -0.255327 -0.396198 -0.153588 0.098316 0.058329 208.872185 101.854378
0.305143 0.379473 0.461627 0.476297 0.303187 0.332528 0.325681 0.302209 -0.250374 -0.126654 -0.378495 -0.255264 -0.396099 -0.153550 0.098291 0.058315 208.835092 101.862390
0.301944 0.379140 0.461221 0.476856 0.304875 0.333213 0.324418 0.301944 -0.253085 -0.127031 -0.389888 -0.256017 -0.369368 -0.148040 0.085746 0.049957 208.170308 101.943119
0.303072 0.379329 0.459497 0.475139 0.302095 0.331424 0.324581 0.301117 -0.252234 -0.159357 -0.377374 -0.254190 -0.365642 -0.148114 0.085789 0.049860 207.866040 102.090851
0.304132 0.378453 0.459621 0.475267 0.302176 0.331514 0.324668 0.301198 -0.251324 -0.159400 -0.377476 -0.254258 -0.365741 -0.148154 0.085812 0.049874 207.800712 102.104948
0.311047 0.384408 0.462659 0.476352 0.288550 0.339413 0.321807 0.302244 -0.253337 -0.127647 -0.388320 -0.255294 -0.372670 -0.156013 0.088521 0.062601 207.678888 102.171778
0.311095 0.384466 0.462729 0.476425 0.288594 0.339465 0.321856 0.302290 -0.253376 -0.127666 -0.388380 -0.255333 -0.373705 -0.150656 0.089269 0.061632 207.627874 102.214625
0.311095 0.384467 0.462729 0.476425 0.288594 0.339465 0.321856 0.302291 -0.253376 -0.127666 -0.388380 -0.255333 -0.373705 -0.150656 0.089269 0.061999 207.626767 102.219072
0.312341 0.385024 0.462619 0.473423 0.302519 0.335914 0.317252 0.298590 -0.253409 -0.128669 -0.386007 -0.256355 -0.409579 0.000000 -0.015009 0.071210 207.570519 102.386457
0.309415 0.381121 0.458720 0.473454 0.302539 0.335936 0.313344 0.302539 -0.251461 -0.129660 -0.399784 -0.253426 -0.405677 0.018602 -0.012401 0.059550 207.417880 102.645487
0.308183 0.382539 0.456894 0.471569 0.302313 0.335577 0.316010 0.301335 -0.250460 -0.129143 -0.397214 -0.258287 -0.408954 0.017427 -0.012352 0.061270 206.952054 102.659738
0.307816 0.382082 0.456349 0.471007 0.301953 0.335177 0.315633 0.300975 -0.258956 -0.130944 -0.396740 -0.257979 -0.408467 0.017406 -0.012337 0.062174 206.824416 102.689811
0.305934 0.382173 0.456458 0.471119 0.301047 0.334280 0.311799 0.299092 -0.252176 -0.158832 -0.388038 -0.252176 -0.403677 0.018510 -0.012340 0.058646 206.717891 102.697354
0.305890 0.382118 0.456392 0.471051 0.301004 0.334231 0.311754 0.299049 -0.252139 -0.159297 -0.387982 -0.252139 -0.403618 0.018507 -0.012338 0.058637 206.690515 102.702310
0.307794 0.382055 0.456316 0.470973 0.300954 0.334176 0.311702 0.299000 -0.252098 -0.159271 -0.387918 -0.252098 -0.403552 0.018504 -0.012336 0.058627 206.650991 102.711317
0.307972 0.380321 0.456581 0.471246 0.301128 0.334370 0.311883 0.299173 -0.252244 -0.159363 -0.388143 -0.252244 -0.403786 0.018515 -0.012343 0.060006 206.634788 102.746413
0.305815 0.379093 0.452371 0.471912 0.298976 0.332195 0.311677 0.293113 -0.250123 -0.127993 -0.384955 -0.306792 -0.360529 0.000000 0.015755 0.060699 206.240368 103.150858
0.306109 0.379458 0.452807 0.470411 0.299263 0.332515 0.310999 0.293395 -0.250364 -0.128116 -0.385326 -0.307087 -0.359898 0.000000 0.016503 0.060146 206.106914 103.160759
0.306049 0.379384 0.452718 0.470319 0.299205 0.332450 0.310938 0.293338 -0.250315 -0.128091 -0.385251 -0.307027 -0.360806 0.000000 0.016561 0.060379 206.078522 103.162366
0.306561 0.379039 0.452496 0.470126 0.299705 0.333006 0.312438 0.293829 -0.250734 -0.128305 -0.384916 -0.307541 -0.360430 0.000000 0.015793 0.060725 205.989875 103.168037
0.306196 0.379566 0.450979 0.469566 0.296413 0.332609 0.311087 0.292500 -0.250435 -0.128152 -0.384457 -0.307174 -0.374674 0.015652 0.016202 0.063098 205.956922 103.288128
0.306511 0.379722 0.450981 0.468551 0.296749 0.332867 0.311391 0.292844 -0.249894 -0.128363 -0.384602 -0.307487 -0.374841 0.015679 0.016228 0.062473 205.783308 103.291373
0.314013 0.378577 0.450966 0.467596 0.296405 0.334556 0.312057 0.301296 -0.250428 -0.128638 -0.385425 -0.308144 -0.375642 0.029286 0.011525 0.060039 205.412441 103.419947
0.315103 0.378710 0.450147 0.467761 0.296510 0.334674 0.312167 0.301403 -0.250516 -0.128683 -0.385560 -0.308253 -0.375775 0.029296 0.011529 0.060060 205.287983 103.422227
0.312347 0.376971 0.449427 0.467052 0.298639 0.328014 0.311368 0.291785 -0.249192 -0.127778 -0.391658 -0.306472 -0.374033 0.029191 0.011383 0.062298 205.036425 103.482461
0.312673 0.377162 0.449467 0.467055 0.295085 0.333192 0.310719 0.292154 -0.249161 -0.128001 -0.391818 -0.306810 -0.374230 0.029191 0.011389 0.062168 204.672522 103.496775
0.306177 0.375629 0.448994 0.466602 0.295417 0.329654 0.307155 0.290526 -0.256289 -0.158468 -0.380520 -0.304220 -0.363891 0.028612 -0.014612 0.073365 204.126094 103.511680
0.304925 0.382134 0.449569 0.464229 0.295152 0.331313 0.302970 0.288311 -0.253127 -0.127541 -0.382134 -0.393861 -0.216477 0.000000 -0.015820 0.063526 204.029776 103.904874
0.310876 0.381485 0.449152 0.463862 0.295185 0.331470 0.303031 0.284398 -0.253016 -0.127489 -0.389331 -0.385408 -0.216240 0.000000 -0.015813 0.070364 203.978533 104.016530
0.304261 0.380571 0.448076 0.462751 0.294478 0.330676 0.302305 0.283716 -0.252410 -0.127183 -0.388398 -0.392311 -0.215722 0.000000 -0.015776 0.070195 203.615434 104.064085
0.304613 0.377094 0.448595 0.463287 0.294819 0.331059 0.302655 0.284045 -0.252702 -0.127330 -0.388847 -0.392765 -0.215972 0.000000 -0.015794 0.067338 203.293519 104.070519
0.304173 0.375571 0.448924 0.463595 0.294393 0.331558 0.302217 0.283634 -0.252337 -0.127146 -0.389263 -0.393176 -0.216149 0.000000 -0.015771 0.067241 202.981150 104.088445
0.304359 0.380939 0.444756 0.459483 0.292577 0.326940 0.302395 0.284723 -0.253305 -0.130580 -0.389775 -0.407448 -0.202251 0.029822 -0.012733 0.067499 202.594403 104.447493
0.302466 0.378326 0.445433 0.460021 0.292741 0.328725 0.300521 0.282043 -0.250921 -0.126433 -0.401667 -0.398750 -0.200834 0.031061 -0.014953 0.065162 202.182735 104.466915
0.302828 0.379023 0.442520 0.457173 0.289152 0.325296 0.300874 0.283291 -0.256915 -0.128946 -0.403445 -0.400515 -0.201723 0.029245 -0.015019 0.065450 201.477650 104.575083
0.302954 0.379181 0.442703 0.457362 0.289272 0.325431 0.300999 0.283408 -0.252136 -0.129000 -0.403612 -0.400681 -0.201806 0.029257 -0.014812 0.064744 201.254504 104.588287
0.304916 0.379190 0.442714 0.457373 0.289279 0.325439 0.301006 0.283415 -0.251164 -0.129003 -0.403622 -0.400690 -0.201811 0.031212 -0.015026 0.065479 201.235404 104.598012
0.302978 0.379211 0.442739 0.457399 0.289295 0.325457 0.301024 0.283431 -0.251179 -0.129010 -0.403645 -0.400713 -0.201823 0.029259 -0.015027 0.065482 201.163759 104.600191
0.301597 0.377483 0.440721 0.455315 0.287977 0.323974 0.299652 0.282139 -0.255871 -0.125503 -0.399860 -0.415426 -0.199443 0.029673 -0.012678 0.065184 200.688800 104.656229
0.301094 0.380277 0.441864 0.456528 0.282520 0.324555 0.307937 0.286430 -0.248304 -0.130018 -0.385165 -0.426223 -0.204802 0.029633 -0.012617 0.066964 200.178018 104.716215
0.304758 0.379233 0.441948 0.456647 0.283200 0.324357 0.307698 0.290059 -0.250862 -0.126411 -0.404711 -0.401771 -0.210685 0.031235 -0.014485 0.061858 200.050484 104.729174
0.300449 0.379464 0.440919 0.455551 0.281915 0.323861 0.307278 0.285817 -0.247773 -0.125838 -0.400924 -0.416532 -0.199974 0.029752 -0.012834 0.066821 200.029184 104.843198
0.302658 0.380763 0.439342 0.454963 0.281179 0.323160 0.306563 0.288989 -0.249937 -0.125945 -0.401265 -0.416886 -0.200144 0.029778 -0.012723 0.067366 199.746016 104.861219
0.303822 0.378068 0.439614 0.455244 0.281353 0.323360 0.306753 0.289168 -0.252045 -0.126023 -0.401514 -0.417145 -0.200268 0.029796 -0.012730 0.067407 199.629911 104.878819
0.302318 0.350258 0.499950 0.417766 0.291556 0.326777 0.298404 0.284707 -0.246061 -0.130613 -0.388415 -0.410918 -0.203991 0.029535 -0.012627 0.062616 199.206098 104.886684
0.302229 0.350000 0.499165 0.417271 0.290529 0.326602 0.298329 0.284680 -0.245195 -0.130153 -0.386073 -0.418245 -0.200836 0.031076 -0.015507 0.066783 199.175635 104.958149
0.300339 0.345341 0.496978 0.418714 0.291534 0.325775 0.299361 0.285665 -0.247511 -0.129625 -0.383495 -0.424584 -0.203976 0.030511 -0.012626 0.062856 198.929264 104.995042
0.301120 0.346093 0.493720 0.419418 0.292321 0.326540 0.300143 0.286455 -0.247838 -0.129540 -0.384222 -0.425284 -0.204332 0.029574 -0.012649 0.063059 198.796064 105.004447
0.301229 0.346217 0.493898 0.419569 0.290471 0.326657 0.300251 0.286559 -0.247927 -0.129587 -0.384360 -0.425437 -0.204405 0.029585 -0.012653 0.061248 198.752377 105.005760
0.307140 0.368764 0.489077 0.399087 0.282687 0.321813 0.296381 0.288555 -0.246984 -0.131073 -0.388327 -0.428432 -0.210303 0.018646 0.058078 0.050497 198.664978 105.110247
0.299016 0.343819 0.494788 0.416869 0.290250 0.326287 0.298042 0.288302 -0.249342 -0.125645 -0.400311 -0.415895 -0.199668 0.030924 -0.015493 0.062336 198.373075 105.167633
0.308541 0.364372 0.489748 0.399634 0.283074 0.322254 0.296787 0.288951 -0.247322 -0.131252 -0.388860 -0.429019 -0.210591 0.018672 0.058647 0.050566 198.328896 105.185536
0.301467 0.331809 0.503097 0.415985 0.290700 0.325936 0.298530 0.285806 -0.249591 -0.130668 -0.386621 -0.423815 -0.205545 0.015722 0.024653 0.058972 198.310192 105.278112
0.307590 0.368325 0.486855 0.396733 0.281141 0.320325 0.294856 0.287019 -0.246856 -0.170448 -0.383998 -0.409467 -0.203754 0.023571 0.058408 0.049469 197.968489 105.362658
0.307905 0.368508 0.486783 0.396855 0.280536 0.320612 0.297153 0.286400 -0.246813 -0.170570 -0.384148 -0.413472 -0.193052 0.018389 0.058282 0.049851 197.914383 105.400486
0.306714 0.367275 0.485467 0.395602 0.280340 0.319412 0.294015 0.286201 -0.245175 -0.170939 -0.396579 -0.395602 -0.207569 0.018315 0.057753 0.049572 197.625142 105.440602
0.307163 0.364878 0.485200 0.396181 0.280751 0.318901 0.294446 0.286620 -0.246024 -0.170211 -0.388355 -0.408898 -0.205916 0.018525 0.058204 0.051601 197.523882 105.465974
0.307036 0.366683 0.483043 0.395039 0.280634 0.319747 0.296280 0.290413 -0.246411 -0.170630 -0.389173 -0.409707 -0.204853 0.015706 0.058303 0.050847 197.405924 105.488273
0.306560 0.366305 0.482857 0.394708 0.280116 0.318313 0.295786 0.288931 -0.250243 -0.171889 -0.390791 -0.407441 -0.204700 0.018548 0.058153 0.050563 197.222436 105.530327
0.306199 0.365874 0.482288 0.394244 0.279786 0.317938 0.295438 0.288590 -0.249948 -0.171687 -0.390330 -0.409896 -0.204459 0.015713 0.057963 0.052582 197.086833 105.552304
0.316941 0.339440 0.504758 0.400089 0.269987 0.333571 0.298355 0.290529 -0.251401 -0.132059 -0.390307 -0.431392 -0.207870 0.018341 0.059060 0.051601 196.995475 105.634377
0.318699 0.332385 0.506398 0.400817 0.270796 0.334340 0.299146 0.291326 -0.249778 -0.132465 -0.391041 -0.432100 -0.208229 0.016069 0.061345 0.050102 196.776136 105.734290
0.317682 0.332344 0.506335 0.400767 0.270762 0.334299 0.299109 0.291290 -0.252190 -0.132449 -0.390993 -0.432047 -0.208204 0.016067 0.061337 0.050096 196.679901 105.737221
0.316194 0.334794 0.507086 0.399404 0.268227 0.333815 0.296616 0.286827 -0.246201 -0.171802 -0.391572 -0.400382 -0.206554 0.018477 0.058981 0.050782 196.652957 105.857002
0.316101 0.334695 0.506936 0.399285 0.268147 0.333716 0.296528 0.286742 -0.247596 -0.172241 -0.391456 -0.400264 -0.206493 0.018472 0.058841 0.050155 196.562973 105.860354
0.316136 0.334733 0.506993 0.399330 0.268178 0.333754 0.296561 0.288731 -0.250071 -0.171771 -0.391500 -0.400309 -0.204559 0.015721 0.057991 0.052608 196.534126 105.882103
0.318479 0.334158 0.505646 0.397853 0.267522 0.333178 0.296920 0.287121 -0.245964 -0.171489 -0.388054 -0.407653 -0.209216 0.018558 0.058184 0.050589 196.320514 105.887570
0.315877 0.337392 0.502665 0.397046 0.267957 0.331524 0.294362 0.286538 -0.246443 -0.171630 -0.389223 -0.409760 -0.206347 0.018520 0.058310 0.059044 196.284622 105.943376
0.315935 0.337454 0.502758 0.397120 0.266051 0.331585 0.296373 0.285613 -0.246488 -0.171661 -0.389295 -0.409836 -0.206385 0.015833 0.057954 0.062356 196.242661 105.973547
0.317869 0.333518 0.504678 0.397092 0.267010 0.332540 0.296352 0.286571 -0.245982 -0.171649 -0.398070 -0.398070 -0.208816 0.018461 0.058684 0.050737 195.974980 105.984821
0.317858 0.332528 0.504660 0.398056 0.267000 0.332528 0.296341 0.286561 -0.245973 -0.171643 -0.398056 -0.398056 -0.208808 0.018460 0.058926 0.050735 195.968656 105.993641
0.320101 0.331848 0.505114 0.397435 0.267241 0.332827 0.296608 0.286819 -0.246194 -0.171798 -0.398414 -0.397435 -0.208506 0.018477 0.058734 0.050169 195.798709 106.012172
0.320058 0.331804 0.505046 0.397381 0.267205 0.332782 0.297547 0.285801 -0.246650 -0.171774 -0.398360 -0.397381 -0.208968 0.018535 0.058482 0.051018 195.745157 106.017182
0.319911 0.331651 0.504814 0.397198 0.267082 0.332629 0.296431 0.286648 -0.246048 -0.171695 -0.398177 -0.398177 -0.209850 0.018466 0.058699 0.050995 195.734595 106.021625
0.316922 0.332573 0.504728 0.396153 0.267036 0.331594 0.295403 0.286599 -0.251386 -0.173622 -0.398109 -0.397131 -0.208347 0.018402 0.058567 0.050130 195.715202 106.022408
0.315048 0.336507 0.501346 0.396005 0.265304 0.330654 0.295541 0.284811 -0.246284 -0.174106 -0.401857 -0.395030 -0.209219 0.016033 0.061327 0.052671 195.661544 106.036284
0.316109 0.336661 0.501078 0.396360 0.265219 0.330789 0.295557 0.284792 -0.246624 -0.174203 -0.402232 -0.395381 -0.206009 0.015720 0.058475 0.054194 195.636341 106.049794
0.312966 0.335461 0.500746 0.396098 0.266999 0.327637 0.297318 0.282648 -0.250373 -0.171642 -0.401966 -0.399032 -0.206362 0.016076 0.059292 0.053547 195.564783 106.052880
0.316247 0.331864 0.503652 0.395309 0.266467 0.330888 0.295749 0.286965 -0.250850 -0.173253 -0.393356 -0.407998 -0.205463 0.015678 0.058320 0.053806 195.541144 106.069962
0.316563 0.332196 0.504156 0.395704 0.266734 0.331219 0.295068 0.286275 -0.251101 -0.173426 -0.400589 -0.396681 -0.208111 0.022289 0.058501 0.050074 195.538823 106.072475
0.315006 0.334572 0.500879 0.396203 0.267070 0.327724 0.298375 0.281745 -0.250440 -0.174134 -0.402073 -0.401095 -0.187830 -0.015775 0.060653 0.061632 195.352674 106.091770
0.314973 0.334536 0.500826 0.396161 0.267042 0.327689 0.298344 0.281715 -0.250413 -0.171670 -0.403987 -0.401052 -0.187810 -0.015773 0.060647 0.062236 195.334897 106.098770
0.315218 0.331860 0.501216 0.396469 0.267250 0.327944 0.297597 0.284871 -0.250608 -0.172293 -0.402343 -0.398427 -0.209003 0.018355 0.058981 0.051639 195.283263 106.112869
0.315192 0.331832 0.501175 0.396437 0.267228 0.327917 0.297573 0.284847 -0.250587 -0.172279 -0.402310 -0.398395 -0.209475 0.018354 0.059098 0.051757 195.275913 106.113430
0.315269 0.331914 0.501298 0.396534 0.266314 0.330935 0.293729 0.285896 -0.250649 -0.173300 -0.403388 -0.396534 -0.208058 0.018358 0.058991 0.051770 195.231817 106.115900
0.314268 0.329932 0.503220 0.395527 0.267275 0.327974 0.297624 0.284897 -0.250631 -0.172309 -0.402380 -0.398464 -0.209512 0.018357 0.058497 0.050053 195.186613 106.118803
0.314937 0.331565 0.500770 0.397095 0.265056 0.330586 0.293420 0.285595 -0.250385 -0.173118 -0.403941 -0.397095 -0.208328 0.018339 0.059051 0.051838 195.159178 106.135763
0.314974 0.331603 0.500828 0.396163 0.267043 0.327690 0.297367 0.284651 -0.250414 -0.174605 -0.403010 -0.396163 -0.209820 0.016079 0.061503 0.052699 195.144090 106.146020
0.314152 0.331768 0.510864 0.383637 0.266197 0.328832 0.299472 0.284792 -0.257389 -0.171756 -0.403211 -0.397339 -0.208945 0.018350 0.059209 0.051992 194.997413 106.160301
0.316507 0.330226 0.511507 0.384120 0.266532 0.329246 0.299849 0.285151 -0.252814 -0.171972 -0.402738 -0.397839 -0.209698 0.018373 0.059161 0.052180 194.980157 106.172541
0.316912 0.330606 0.510581 0.384403 0.266050 0.329628 0.298328 0.287568 -0.252356 -0.172150 -0.402987 -0.398096 -0.209808 0.018401 0.059299 0.053552 194.957480 106.195420
0.314201 0.331819 0.510943 0.380760 0.266238 0.328883 0.295603 0.286794 -0.257429 -0.174719 -0.403273 -0.396421 -0.210446 0.016089 0.061788 0.052979 194.806196 106.199549
0.314224 0.331844 0.510981 0.380788 0.266258 0.328907 0.296604 0.286815 -0.257448 -0.174732 -0.403303 -0.396451 -0.209972 0.016091 0.061670 0.052860 194.796865 106.202628
0.314200 0.331819 0.510942 0.380759 0.266238 0.328882 0.296581 0.286793 -0.257429 -0.174719 -0.403272 -0.396421 -0.210445 0.016089 0.062522 0.052978 194.794003 106.205695
0.313845 0.331444 0.510365 0.383263 0.265937 0.328511 0.297224 0.283536 -0.257138 -0.175010 -0.403795 -0.400862 -0.187721 -0.015949 0.061596 0.061474 194.729822 106.212114
0.313846 0.331445 0.510366 0.383263 0.265938 0.328512 0.297225 0.283537 -0.257138 -0.175011 -0.403795 -0.400862 -0.187721 -0.015949 0.061840 0.061474 194.728293 106.213148
0.315346 0.330036 0.511213 0.380961 0.266379 0.329056 0.295759 0.286945 -0.257565 -0.174811 -0.403486 -0.396631 -0.210557 0.016098 0.061943 0.053129 194.669966 106.232345
0.314343 0.329963 0.509587 0.383655 0.265532 0.328010 0.294819 0.282128 -0.255770 -0.174255 -0.402203 -0.399274 -0.210864 0.015681 0.060282 0.060526 194.661743 106.238018
0.314297 0.329963 0.509142 0.383815 0.265341 0.328005 0.294715 0.281986 -0.255550 -0.174283 -0.402418 -0.399481 -0.211000 0.015666 0.060338 0.060583 194.618417 106.243775
0.314989 0.329663 0.510635 0.383465 0.266078 0.328684 0.297381 0.283686 -0.257274 -0.175103 -0.404008 -0.401073 -0.187820 -0.015957 0.061873 0.061384 194.592940 106.244817
0.314989 0.329663 0.510635 0.383465 0.266078 0.328685 0.297381 0.283686 -0.257274 -0.175103 -0.404008 -0.401073 -0.187820 -0.015957 0.061873 0.062851 194.589855 106.254527
0.313964 0.330591 0.508602 0.382430 0.265060 0.327657 0.295381 0.281687 -0.256257 -0.174588 -0.402969 -0.400035 -0.211266 0.016016 0.061619 0.061497 194.459867 106.271857
0.314890 0.329559 0.508518 0.383344 0.265016 0.327603 0.296309 0.282618 -0.256215 -0.174558 -0.402902 -0.399969 -0.211230 0.015647 0.060386 0.060631 194.438667 106.281223
0.313826 0.330446 0.508378 0.382261 0.264943 0.327513 0.295251 0.281563 -0.256145 -0.174511 -0.403770 -0.399859 -0.211173 0.016009 0.061592 0.061470 194.386466 106.283941
0.313797 0.330415 0.508331 0.382226 0.264919 0.327482 0.295223 0.281537 -0.257098 -0.174494 -0.403732 -0.399822 -0.211153 0.016008 0.061586 0.061464 194.371994 106.285239
0.314183 0.330822 0.508957 0.380739 0.265245 0.326907 0.298523 0.281884 -0.256436 -0.174709 -0.403251 -0.400315 -0.211413 0.015721 0.060683 0.061050 194.350091 106.288069
0.315132 0.330791 0.508909 0.380703 0.265220 0.326876 0.298495 0.281857 -0.256412 -0.174693 -0.403213 -0.400277 -0.211393 0.015720 0.060555 0.060922 194.333082 106.288474
0.315133 0.330792 0.508910 0.380704 0.265220 0.326877 0.298495 0.281858 -0.256412 -0.174693 -0.403213 -0.400277 -0.211393 0.015720 0.060678 0.061779 194.329939 106.293959
0.313680 0.330292 0.508142 0.382084 0.264820 0.327361 0.296091 0.282410 -0.256025 -0.174430 -0.404559 -0.399673 -0.211074 0.015635 0.061686 0.060586 194.313737 106.298893
0.313628 0.330237 0.508057 0.382020 0.264776 0.327306 0.296041 0.282363 -0.255983 -0.174400 -0.404492 -0.400584 -0.210062 0.016182 0.060332 0.060576 194.275882 106.303140
0.315043 0.330697 0.508765 0.380596 0.264167 0.328741 0.300367 0.287648 -0.259275 -0.175133 -0.404077 -0.401142 -0.205952 0.015715 0.058459 0.054179 194.261080 106.310614
0.314987 0.330639 0.508675 0.380528 0.264120 0.327704 0.297379 0.282706 -0.256294 -0.174612 -0.404005 -0.401071 -0.210317 0.016324 0.061628 0.060894 194.225078 106.317760
0.314981 0.330632 0.508664 0.380520 0.264114 0.327697 0.297373 0.282700 -0.256289 -0.174609 -0.403997 -0.401062 -0.210313 0.016079 0.060404 0.061871 194.212054 106.319154
0.314032 0.330663 0.508712 0.379578 0.265117 0.326750 0.297401 0.282727 -0.257291 -0.175114 -0.404035 -0.401100 -0.210333 0.016325 0.061510 0.060654 194.174740 106.321013
0.315010 0.330663 0.508712 0.379578 0.265117 0.326750 0.297401 0.282727 -0.256313 -0.175114 -0.404035 -0.401100 -0.210333 0.016325 0.061510 0.060776 194.155115 106.322058
0.314975 0.330626 0.508655 0.379535 0.265087 0.326713 0.297368 0.282695 -0.257262 -0.175095 -0.403989 -0.401055 -0.210309 0.016079 0.060403 0.061748 194.153898 106.324633
0.314979 0.330630 0.508661 0.379539 0.265091 0.326717 0.298349 0.282698 -0.257265 -0.175097 -0.403994 -0.401060 -0.210312 0.016324 0.061504 0.060648 194.143800 106.325948
0.314772 0.330413 0.508327 0.380268 0.264917 0.326502 0.297176 0.281535 -0.257096 -0.174493 -0.404707 -0.401774 -0.208219 0.016007 0.061586 0.061464 194.121190 106.333474
0.314766 0.330406 0.508317 0.380261 0.263934 0.327474 0.297170 0.282507 -0.257091 -0.174979 -0.404699 -0.400789 -0.210170 0.016007 0.061585 0.061462 194.110202 106.337929
0.315072 0.329750 0.508813 0.379652 0.265170 0.326814 0.297460 0.282782 -0.257342 -0.175149 -0.404115 -0.401179 -0.210374 0.016084 0.060421 0.061767 194.069454 106.339602
0.313888 0.330511 0.508479 0.379404 0.264996 0.326600 0.297265 0.282597 -0.257173 -0.175034 -0.404828 -0.401894 -0.208281 0.016318 0.061482 0.060626 194.062065 106.341892
0.314830 0.329496 0.508422 0.380339 0.264966 0.326563 0.297231 0.282565 -0.257144 -0.175014 -0.404782 -0.400871 -0.210213 0.016316 0.061475 0.060864 194.047450 106.345791
0.314940 0.329611 0.508598 0.379493 0.265058 0.326677 0.297334 0.282663 -0.257233 -0.175075 -0.404923 -0.401010 -0.210286 0.016322 0.061496 0.060641 193.990962 106.349407
0.314936 0.329607 0.508592 0.379488 0.265054 0.326672 0.297330 0.282660 -0.257230 -0.175073 -0.404917 -0.401005 -0.210283 0.016016 0.061618 0.061251 193.986192 106.352512
0.314934 0.329605 0.508589 0.379486 0.265053 0.326671 0.297329 0.282658 -0.257229 -0.175072 -0.404915 -0.401981 -0.208326 0.016321 0.061495 0.060639 193.967145 106.357980
0.314934 0.329605 0.508590 0.379486 0.265053 0.326671 0.297329 0.282659 -0.257229 -0.175072 -0.404916 -0.401981 -0.208326 0.016321 0.061618 0.060762 193.963899 106.359087
0.314384 0.330005 0.507700 0.379799 0.264590 0.327076 0.296809 0.282164 -0.257755 -0.175254 -0.405184 -0.402255 -0.208450 0.018184 0.058825 0.061266 193.899991 106.359645
0.314074 0.329728 0.506823 0.380606 0.264174 0.326793 0.296462 0.281786 -0.257325 -0.175138 -0.405067 -0.402132 -0.210850 0.016022 0.061763 0.061396 193.858926 106.360589
0.314337 0.330005 0.507248 0.379946 0.264396 0.327067 0.296711 0.282022 -0.257541 -0.175285 -0.405407 -0.402469 -0.208579 0.017688 0.061692 0.061325 193.850757 106.372734
0.314628 0.329284 0.508094 0.379116 0.264795 0.326353 0.297040 0.283360 -0.258933 -0.174902 -0.405498 -0.402567 -0.208123 0.016305 0.061558 0.060703 193.840717 106.383005
0.314838 0.329505 0.506479 0.380348 0.263995 0.326571 0.297239 0.283550 -0.259106 -0.175019 -0.405770 -0.402836 -0.208263 0.015705 0.061721 0.061354 193.752829 106.397004
0.314392 0.330062 0.507336 0.377074 0.264442 0.327124 0.296762 0.282071 -0.257586 -0.175315 -0.406457 -0.403518 -0.209105 0.017691 0.061825 0.061458 193.479298 106.405547
0.316936 0.332588 0.510620 0.381498 0.266070 0.328675 0.298351 0.283678 -0.259223 -0.175587 -0.404974 -0.453884 -0.030324 -0.156512 0.093663 0.063338 193.469857 106.432854
0.316612 0.330336 0.511677 0.382287 0.266621 0.329355 0.297988 0.284265 -0.259759 -0.175460 -0.404833 -0.453844 -0.030326 -0.156346 0.092876 0.062979 193.462559 106.437942
0.319874 0.331613 0.510625 0.381502 0.266073 0.328678 0.298354 0.283681 -0.259225 -0.175589 -0.404979 -0.453889 -0.030324 -0.156513 0.092930 0.062605 193.380139 106.449933
0.319843 0.331580 0.510574 0.381464 0.266046 0.328646 0.298324 0.283652 -0.259200 -0.176549 -0.405916 -0.451888 -0.030749 -0.155520 0.098545 0.062844 193.372411 106.495931
0.303347 0.336617 0.501012 0.381630 0.266162 0.323896 0.297476 0.285733 -0.281819 -0.154609 -0.426643 -0.452085 -0.030029 -0.156077 0.088558 0.061403 192.991714 106.498649
0.303267 0.336528 0.500879 0.381529 0.266092 0.323811 0.297397 0.285658 -0.281745 -0.154568 -0.426530 -0.452944 -0.029532 -0.156036 0.088779 0.060776 192.969394 106.502830
0.303255 0.336515 0.500860 0.381515 0.266082 0.323798 0.297386 0.285647 -0.281734 -0.154562 -0.426514 -0.452926 -0.029898 -0.155541 0.088776 0.060773 192.966687 106.504404
0.303266 0.336527 0.500878 0.381528 0.266091 0.323810 0.297396 0.285657 -0.281744 -0.154568 -0.426529 -0.452942 -0.029532 -0.156035 0.088289 0.061509 192.964751 106.505444
0.303255 0.336516 0.500860 0.381515 0.266082 0.323798 0.297386 0.285647 -0.281734 -0.154562 -0.426514 -0.452927 -0.029898 -0.155541 0.088776 0.061874 192.961510 106.511903
0.302619 0.334937 0.501427 0.381946 0.266383 0.324165 0.297722 0.285970 -0.282053 -0.154247 -0.426996 -0.452459 -0.030237 -0.156206 0.087407 0.061454 192.913660 106.515877
0.303360 0.335653 0.501033 0.381646 0.266174 0.323910 0.297488 0.285745 -0.281831 -0.154616 -0.426661 -0.453083 -0.029541 -0.156084 0.088317 0.061528 192.908134 106.521155
0.302424 0.334722 0.501104 0.381701 0.266212 0.323956 0.297531 0.287744 -0.281871 -0.155127 -0.427700 -0.452168 -0.029484 -0.156595 0.088574 0.059947 192.874032 106.539195
0.304517 0.334871 0.501328 0.381871 0.266330 0.324100 0.297663 0.285913 -0.281997 -0.155686 -0.426912 -0.451391 -0.029742 -0.156175 0.090572 0.060708 192.835916 106.540221
0.304166 0.334485 0.500749 0.382408 0.266023 0.323726 0.298298 0.285583 -0.281671 -0.155506 -0.427397 -0.451848 -0.029769 -0.155995 0.090467 0.058437 192.811327 106.541043
0.304167 0.334486 0.500751 0.382409 0.266024 0.323727 0.298299 0.285584 -0.281672 -0.155507 -0.427398 -0.451849 -0.029769 -0.155996 0.090957 0.058315 192.809936 106.542665
0.304179 0.334499 0.500770 0.382424 0.266034 0.323740 0.298310 0.285595 -0.281683 -0.155513 -0.427415 -0.451867 -0.029525 -0.156002 0.090471 0.061251 192.796605 106.560480
0.304166 0.334485 0.500750 0.382408 0.266023 0.323727 0.298298 0.285584 -0.281672 -0.155506 -0.427398 -0.451848 -0.029769 -0.155995 0.090467 0.061371 192.794409 106.561118
0.304011 0.335292 0.500494 0.381236 0.265888 0.323562 0.297168 0.286416 -0.282506 -0.155916 -0.427180 -0.452595 -0.029509 -0.155916 0.090421 0.061218 192.757846 106.565440
0.304011 0.335292 0.500494 0.381236 0.265888 0.323562 0.297168 0.286416 -0.282506 -0.155916 -0.427180 -0.452595 -0.029509 -0.155916 0.090421 0.061340 192.756862 106.566216
0.304013 0.335294 0.500497 0.381238 0.265889 0.323564 0.297170 0.286417 -0.282507 -0.155917 -0.427182 -0.452598 -0.029509 -0.155917 0.091155 0.061340 192.753907 106.569780
0.303156 0.334449 0.500696 0.381389 0.265995 0.323692 0.297288 0.286531 -0.282619 -0.155979 -0.427352 -0.452778 -0.029521 -0.155979 0.090458 0.060753 192.717720 106.574713
0.304105 0.334418 0.500649 0.381354 0.265970 0.323662 0.297260 0.286504 -0.282593 -0.155964 -0.427312 -0.452735 -0.029518 -0.155964 0.090449 0.060748 192.695980 106.577870
0.304107 0.334420 0.500652 0.381356 0.265971 0.323664 0.297262 0.286506 -0.282595 -0.155965 -0.427314 -0.452738 -0.029518 -0.155965 0.091183 0.061237 192.692204 106.584630
0.304107 0.334420 0.500652 0.381356 0.265971 0.323664 0.297262 0.286506 -0.282595 -0.155965 -0.427314 -0.452738 -0.029518 -0.155965 0.091183 0.061359 192.689959 106.585469
0.304375 0.334714 0.505008 0.375820 0.263270 0.326885 0.298503 0.286758 -0.282843 -0.156102 -0.427691 -0.452158 -0.029789 -0.155613 0.088572 0.061780 192.600866 106.599749
0.303621 0.333886 0.499852 0.381723 0.265546 0.323147 0.296787 0.285072 -0.281167 -0.160597 -0.426632 -0.451038 -0.030081 -0.155716 0.090305 0.060651 192.548502 106.604207
0.304978 0.333416 0.504047 0.377545 0.263791 0.326552 0.298114 0.286346 -0.282423 -0.154941 -0.427558 -0.454035 -0.029603 -0.156412 0.088748 0.061780 192.538912 106.604978
0.303656 0.333924 0.499910 0.380791 0.265577 0.323184 0.296821 0.287058 -0.283152 -0.156222 -0.427657 -0.454020 -0.029841 -0.156222 0.088851 0.063465 192.516067 106.624085
0.303282 0.334589 0.502861 0.376657 0.263171 0.326762 0.296434 0.289586 -0.282737 -0.155554 -0.428508 -0.453945 -0.030451 -0.155554 0.088539 0.061757 192.484618 106.626543
0.303520 0.333774 0.499685 0.380620 0.265458 0.323039 0.296688 0.285953 -0.282049 -0.161519 -0.426489 -0.451864 -0.029461 -0.155664 0.091495 0.061363 192.412663 106.645760
0.304517 0.332913 0.503286 0.376975 0.263393 0.326059 0.297663 0.288851 -0.284934 -0.162540 -0.422995 -0.454328 -0.029925 -0.155686 0.092285 0.058872 192.385267 106.658565
0.304171 0.332534 0.502713 0.377524 0.263093 0.325688 0.297324 0.288522 -0.284610 -0.162355 -0.423492 -0.454789 -0.029952 -0.155998 0.092425 0.058927 192.331843 106.670460
0.304177 0.332541 0.502723 0.377531 0.263098 0.325694 0.297330 0.288528 -0.284616 -0.162358 -0.423500 -0.454798 -0.029953 -0.155512 0.092427 0.058928 192.331416 106.672402
0.304507 0.332901 0.503268 0.375983 0.263384 0.326047 0.297653 0.288841 -0.284924 -0.156659 -0.428855 -0.453333 -0.029863 -0.155680 0.088610 0.061929 192.252922 106.680048
0.303270 0.332618 0.502841 0.376642 0.263160 0.325770 0.297400 0.288595 -0.284682 -0.156037 -0.429469 -0.453926 -0.029899 -0.155548 0.088535 0.061999 192.228136 106.684399
0.304161 0.332523 0.502697 0.376534 0.263085 0.325677 0.297315 0.288513 -0.284601 -0.156482 -0.429346 -0.453797 -0.030013 -0.155993 0.092422 0.058803 192.212113 106.688570
0.304161 0.332524 0.502698 0.376534 0.263085 0.325678 0.297315 0.288513 -0.284601 -0.156482 -0.429347 -0.453797 -0.030013 -0.155993 0.092422 0.060759 192.201652 106.700885
0.304162 0.332524 0.502698 0.376535 0.263085 0.325678 0.297316 0.288514 -0.284602 -0.156482 -0.429347 -0.453798 -0.030013 -0.155993 0.092667 0.060881 192.199351 106.702781
0.304263 0.332634 0.502865 0.375681 0.263172 0.325786 0.297414 0.288609 -0.284696 -0.156534 -0.429490 -0.453948 -0.030023 -0.156045 0.092453 0.061268 192.142863 106.710718
0.303923 0.332263 0.502303 0.376239 0.262879 0.325422 0.297082 0.288287 -0.284378 -0.161245 -0.428033 -0.452464 -0.030172 -0.152450 0.088196 0.061322 192.051578 106.729921
0.303770 0.332096 0.502051 0.376050 0.262747 0.325259 0.296933 0.288142 -0.284235 -0.163606 -0.426841 -0.452237 -0.030157 -0.155792 0.091082 0.061291 191.966777 106.742524
0.303142 0.333456 0.500673 0.375505 0.262071 0.325633 0.296297 0.288474 -0.285540 -0.161350 -0.428310 -0.453735 -0.029825 -0.155971 0.091187 0.062217 191.899649 106.751475
0.303143 0.333457 0.500675 0.375506 0.262072 0.325634 0.296298 0.288475 -0.285541 -0.161350 -0.428311 -0.453736 -0.029825 -0.155972 0.091676 0.062218 191.898411 106.753635
0.302496 0.332843 0.501223 0.374938 0.262359 0.325012 0.295643 0.288791 -0.287812 -0.162506 -0.427802 -0.453254 -0.029552 -0.156143 0.091287 0.061307 191.866931 106.760944
0.303323 0.333655 0.500972 0.373772 0.263206 0.323870 0.296474 0.288646 -0.285710 -0.161446 -0.428566 -0.454006 -0.029843 -0.156064 0.091241 0.062255 191.841515 106.763068
0.303469 0.333816 0.501214 0.373953 0.259417 0.326964 0.295638 0.287807 -0.285849 -0.161524 -0.428773 -0.454225 -0.029857 -0.156140 0.091286 0.062285 191.796297 106.776614
0.301709 0.333056 0.501543 0.374198 0.259588 0.327178 0.295832 0.287995 -0.290934 -0.156242 -0.430034 -0.456482 -0.030551 -0.156242 0.097713 0.059877 191.776064 106.780028
0.303605 0.332986 0.501437 0.374119 0.259533 0.327110 0.295770 0.287935 -0.290873 -0.156210 -0.429943 -0.456386 -0.030544 -0.156210 0.097692 0.059374 191.728839 106.781806
0.303605 0.332986 0.501438 0.374119 0.259533 0.327110 0.295770 0.287935 -0.290873 -0.156210 -0.429944 -0.456387 -0.030544 -0.156210 0.097692 0.059864 191.725671 106.784560
0.302848 0.333133 0.500188 0.375141 0.259863 0.326294 0.296009 0.288194 -0.292102 -0.156797 -0.429849 -0.456226 -0.030529 -0.156309 0.097693 0.059959 191.690883 106.790427
0.303265 0.332614 0.500877 0.374680 0.259243 0.326744 0.295439 0.287613 -0.290548 -0.156035 -0.430441 -0.456855 -0.030571 -0.156035 0.097828 0.059919 191.681387 106.798044
0.306098 0.330704 0.499993 0.376963 0.265744 0.326767 0.301177 0.289366 -0.285429 -0.157478 -0.431096 -0.456686 -0.022637 -0.155510 0.099408 0.058685 191.592417 106.818909
0.302042 0.332442 0.502095 0.371668 0.259874 0.326558 0.296158 0.288313 -0.292235 -0.156905 -0.430507 -0.456985 -0.030584 -0.156414 0.097820 0.059943 191.544509 106.822877
0.303131 0.330511 0.500655 0.375492 0.259128 0.326599 0.295309 0.287486 -0.290419 -0.155966 -0.431229 -0.457630 -0.030619 -0.155477 0.097295 0.059282 191.469874 106.835235
0.300262 0.333515 0.499784 0.372637 0.262118 0.323735 0.294393 0.287547 -0.294393 -0.161378 -0.432299 -0.450881 -0.030258 -0.154043 0.097316 0.059294 191.446371 106.836788
0.305546 0.331090 0.504987 0.370389 0.259371 0.327161 0.298669 0.286880 -0.293757 -0.157685 -0.432284 -0.450951 -0.030763 -0.157194 0.098246 0.060299 191.390025 106.844210
0.302903 0.332216 0.500278 0.374231 0.258933 0.326353 0.295086 0.287269 -0.293132 -0.163177 -0.431881 -0.449469 -0.030168 -0.153406 0.096978 0.059115 191.386863 106.864926
0.301478 0.331822 0.500180 0.373911 0.259389 0.325949 0.294627 0.286796 -0.293648 -0.161996 -0.432641 -0.450260 -0.030282 -0.156123 0.098861 0.059586 191.324111 106.870530
0.301770 0.332045 0.501974 0.371109 0.259776 0.326185 0.294934 0.287121 -0.293957 -0.162116 -0.432635 -0.450214 -0.030214 -0.153815 0.097172 0.059207 191.316307 106.873262
0.302578 0.331860 0.499741 0.373830 0.258655 0.326003 0.294769 0.286961 -0.293793 -0.163490 -0.432393 -0.449962 -0.030197 -0.153729 0.097118 0.059173 191.245361 106.889627
0.301283 0.332585 0.500833 0.370734 0.258242 0.326716 0.295413 0.287588 -0.294435 -0.162380 -0.433338 -0.450946 -0.030263 -0.154065 0.097330 0.059303 191.213633 106.902527
0.301280 0.332582 0.500829 0.370731 0.257262 0.326713 0.295411 0.285629 -0.292476 -0.172160 -0.428444 -0.448986 -0.030140 -0.153086 0.094639 0.060892 191.154776 106.919772
0.301380 0.332693 0.500996 0.369876 0.257348 0.326822 0.295509 0.285724 -0.292574 -0.172217 -0.428586 -0.449135 -0.030150 -0.153136 0.094671 0.061157 191.107712 106.926829
0.304637 0.330023 0.499916 0.372984 0.261675 0.323188 0.295849 0.288038 -0.293896 -0.162082 -0.433521 -0.452073 -0.026363 -0.155736 0.098616 0.059560 191.057642 106.936555
0.300946 0.332112 0.500603 0.370095 0.257119 0.326268 0.295102 0.285363 -0.292181 -0.173847 -0.428532 -0.448984 -0.030131 -0.152908 0.096663 0.060871 191.034480 106.956206
0.304763 0.330160 0.500123 0.372162 0.261783 0.323322 0.295972 0.288157 -0.294018 -0.162149 -0.433701 -0.452260 -0.025458 -0.155800 0.088401 0.073260 190.999176 106.976028
0.304662 0.330051 0.499959 0.372040 0.261697 0.323216 0.295874 0.288062 -0.293921 -0.163072 -0.433558 -0.452111 -0.025450 -0.155749 0.088372 0.073236 190.958929 106.985058
0.304191 0.329622 0.502747 0.368746 0.258220 0.325709 0.297344 0.285607 -0.296366 -0.162855 -0.436235 -0.448951 -0.025614 -0.159920 0.098544 0.061743 190.758113 106.989835
0.304400 0.330013 0.502408 0.368433 0.258100 0.326073 0.297505 0.285683 -0.296519 -0.163036 -0.436406 -0.449212 -0.025613 -0.156633 0.098758 0.059476 190.736507 106.992811
0.300244 0.330562 0.498777 0.370660 0.258191 0.324694 0.294376 0.286553 -0.293398 -0.172616 -0.430318 -0.450856 -0.029890 -0.153545 0.098777 0.059535 190.671398 107.010551
0.303173 0.329579 0.499747 0.371632 0.261120 0.322733 0.291438 0.284592 -0.293394 -0.161366 -0.451826 -0.429333 -0.022555 -0.187772 0.105866 0.070659 190.621234 107.011784
0.302563 0.328104 0.500997 0.368381 0.260322 0.323192 0.296669 0.288810 -0.295687 -0.163070 -0.435180 -0.452862 -0.030514 -0.154720 0.097744 0.059555 190.509035 107.031790
0.300143 0.330451 0.498609 0.369558 0.258104 0.324585 0.294277 0.286456 -0.293300 -0.174513 -0.430173 -0.450704 -0.029880 -0.153493 0.097033 0.061104 190.478995 107.037784
0.299991 0.330185 0.498686 0.369145 0.258109 0.324341 0.294147 0.286355 -0.293173 -0.174345 -0.430507 -0.450960 -0.030255 -0.153404 0.097156 0.061118 190.413118 107.048060
0.303095 0.327538 0.500596 0.369581 0.258120 0.324605 0.294296 0.286474 -0.293318 -0.174524 -0.430200 -0.449754 -0.030248 -0.153503 0.097039 0.061108 190.390705 107.065099
0.304334 0.329777 0.500048 0.367941 0.258342 0.324884 0.290634 0.285741 -0.293570 -0.161464 -0.453076 -0.431548 -0.022262 -0.186417 0.106664 0.071191 190.301055 107.086390
0.303256 0.329668 0.499883 0.367820 0.258256 0.324777 0.290538 0.285647 -0.294451 -0.161899 -0.452927 -0.431406 -0.022744 -0.188801 0.108341 0.071167 190.239924 107.089653
0.304229 0.329663 0.499875 0.367814 0.258253 0.324772 0.292491 0.285643 -0.293469 -0.161408 -0.452920 -0.432377 -0.022255 -0.186353 0.106627 0.071166 190.217170 107.098350
0.304195 0.329626 0.499819 0.367773 0.258224 0.324736 0.292458 0.285611 -0.293436 -0.161390 -0.453848 -0.431351 -0.022252 -0.186332 0.106615 0.071158 190.193870 107.105235
0.304112 0.329536 0.499683 0.367673 0.258153 0.324647 0.292378 0.285533 -0.294334 -0.161835 -0.453724 -0.431233 -0.022246 -0.186281 0.106097 0.070894 190.142595 107.108445
0.304333 0.327818 0.500045 0.368918 0.258340 0.324882 0.290633 0.285740 -0.293568 -0.161463 -0.453074 -0.432524 -0.022262 -0.186416 0.106663 0.071190 190.109365 107.116350
0.303330 0.327792 0.500983 0.366931 0.256363 0.326813 0.290610 0.285717 -0.293545 -0.161939 -0.454016 -0.432490 -0.022016 -0.186890 0.101273 0.075099 189.887504 107.144868
0.304008 0.327468 0.499511 0.368524 0.258064 0.324536 0.290322 0.285435 -0.293255 -0.161779 -0.454545 -0.432062 -0.021994 -0.186706 0.101173 0.075758 189.856646 107.147688
0.304109 0.327577 0.499677 0.367668 0.258150 0.324643 0.290419 0.285530 -0.293352 -0.161833 -0.454696 -0.432206 -0.022001 -0.186768 0.101207 0.075049 189.781385 107.150739
0.302919 0.327348 0.500304 0.366434 0.256015 0.326371 0.289239 0.284353 -0.293147 -0.169048 -0.452424 -0.429949 -0.022352 -0.185171 0.100647 0.074997 189.612755 107.186274
0.296319 0.331525 0.494843 0.367709 0.259157 0.318812 0.287517 0.274804 -0.296319 -0.218083 -0.430298 -0.416607 -0.022493 -0.154516 0.098773 0.060511 189.571107 107.192086
0.303180 0.327630 0.498779 0.366750 0.257214 0.323718 0.289488 0.284598 -0.293400 -0.169194 -0.452813 -0.430319 -0.022372 -0.185331 0.100734 0.077751 189.547536 107.209333
0.299463 0.328822 0.498126 0.365032 0.255424 0.322950 0.287719 0.278912 -0.296527 -0.218236 -0.430600 -0.416900 -0.022509 -0.154625 0.097864 0.059085 189.418859 107.254235
0.299709 0.329092 0.499515 0.361414 0.255634 0.323215 0.287956 0.280120 -0.296771 -0.218415 -0.430954 -0.417242 -0.022527 -0.154752 0.097944 0.059256 189.327121 107.278303
0.299158 0.329464 0.499574 0.360749 0.255164 0.323599 0.287426 0.278627 -0.296225 -0.218502 -0.431139 -0.417452 -0.022669 -0.155933 0.098497 0.062080 189.281383 107.284966
0.299330 0.328676 0.496926 0.364869 0.255311 0.322807 0.287591 0.277809 -0.295417 -0.221074 -0.430409 -0.416714 -0.022499 -0.153578 0.098798 0.059793 189.183048 107.286753
0.299319 0.328664 0.496909 0.364857 0.255302 0.322795 0.287581 0.277800 -0.295407 -0.221066 -0.430394 -0.416700 -0.022498 -0.154551 0.098795 0.060646 189.151475 107.288606
0.297433 0.328741 0.497026 0.364942 0.255362 0.322871 0.287649 0.277865 -0.295476 -0.221118 -0.430495 -0.416797 -0.022503 -0.154587 0.098818 0.058337 189.085537 107.292405
0.299259 0.329576 0.497787 0.360871 0.255250 0.323708 0.287523 0.277744 -0.295347 -0.221510 -0.431285 -0.416615 -0.022493 -0.155008 0.098775 0.060512 189.003449 107.308297
0.299031 0.328348 0.496431 0.364506 0.255056 0.322485 0.287305 0.277532 -0.295122 -0.221342 -0.430957 -0.417276 -0.022537 -0.154890 0.098700 0.060588 188.980047 107.310043
0.299030 0.328346 0.496428 0.364503 0.255055 0.322483 0.287303 0.277531 -0.295121 -0.221341 -0.430954 -0.417273 -0.022537 -0.154890 0.097478 0.061687 188.976549 107.311411
0.299162 0.329469 0.497626 0.360754 0.255168 0.323603 0.287430 0.277654 -0.295251 -0.221439 -0.431145 -0.417458 -0.022547 -0.154958 0.098987 0.060615 188.954956 107.314058
0.296406 0.334558 0.496946 0.352166 0.259233 0.316950 0.292494 0.279776 -0.301298 -0.222060 -0.432382 -0.416730 -0.022805 -0.153094 0.098313 0.059061 188.904884 107.330416
0.299207 0.328541 0.496723 0.364720 0.255206 0.322674 0.287474 0.280629 -0.302141 -0.220983 -0.433166 -0.423388 0.015828 -0.191160 0.101202 0.061724 188.832892 107.344866
0.297412 0.334588 0.497969 0.352198 0.260235 0.317956 0.292520 0.280780 -0.302303 -0.223059 -0.433399 -0.423616 0.015837 -0.192241 0.099545 0.062491 188.755101 107.357376
0.297279 0.334439 0.497747 0.352041 0.260119 0.317815 0.292389 0.280655 -0.302168 -0.222959 -0.434184 -0.423427 0.015830 -0.192156 0.099500 0.062463 188.665623 107.369739
0.300738 0.328167 0.500578 0.352657 0.259595 0.317392 0.292902 0.280167 -0.301718 -0.222860 -0.431026 -0.417311 -0.022715 -0.152818 0.098940 0.058409 188.591324 107.372218
0.297137 0.334402 0.497190 0.352054 0.259872 0.317731 0.292234 0.280466 -0.302040 -0.223098 -0.434428 -0.423641 0.015813 -0.195150 0.100517 0.063252 188.521975 107.380137
0.297006 0.334132 0.497290 0.351718 0.259881 0.317523 0.292121 0.280397 -0.301891 -0.222755 -0.432809 -0.426947 0.015815 -0.194910 0.100386 0.063505 188.475117 107.381440
0.300982 0.328433 0.500983 0.352943 0.259805 0.317649 0.293139 0.280394 -0.302943 -0.221570 -0.434316 -0.424512 0.015870 -0.191668 0.100981 0.061888 188.442035 107.410451
0.301119 0.328582 0.501211 0.353104 0.259923 0.318774 0.293272 0.281502 -0.297195 -0.218728 -0.434514 -0.428628 0.016858 -0.195678 0.101762 0.062529 188.350356 107.422070
0.300144 0.327519 0.499588 0.351960 0.259082 0.316764 0.292323 0.279613 -0.301122 -0.222908 -0.434084 -0.416486 -0.022425 -0.153983 0.098744 0.060493 188.214740 107.432395
0.300047 0.327413 0.499426 0.351846 0.258998 0.316662 0.292228 0.279522 -0.301024 -0.222347 -0.432966 -0.419283 -0.022418 -0.153933 0.099445 0.062306 188.164447 107.438332
0.300030 0.327395 0.499399 0.351827 0.258984 0.316645 0.292212 0.279507 -0.301008 -0.222335 -0.432943 -0.419261 -0.022661 -0.154413 0.098707 0.063524 188.150005 107.439679
0.300334 0.327726 0.499905 0.350227 0.259246 0.316965 0.292508 0.279790 -0.301312 -0.223049 -0.434359 -0.416750 -0.022439 -0.154080 0.098807 0.060531 188.101382 107.443482
0.297316 0.327634 0.499764 0.352084 0.259173 0.316876 0.292426 0.279711 -0.301228 -0.222987 -0.434237 -0.416633 -0.022433 -0.154037 0.098779 0.060514 188.094452 107.445025
0.300440 0.327841 0.500080 0.352307 0.260316 0.318055 0.292611 0.280867 -0.302397 -0.223128 -0.435491 -0.423747 0.015842 -0.192301 0.099576 0.062510 188.022195 107.449366
0.300380 0.327776 0.499981 0.352237 0.259286 0.317992 0.292553 0.280812 -0.302337 -0.223084 -0.433448 -0.427577 0.016817 -0.195198 0.101513 0.062375 188.001197 107.453103
0.301234 0.330767 0.500088 0.347502 0.253982 0.324861 0.289421 0.282530 -0.304188 -0.222480 -0.436101 -0.426256 0.015935 -0.192455 0.101150 0.062019 187.892243 107.467411
0.291055 0.329146 0.498115 0.350634 0.258824 0.316449 0.290079 0.279335 -0.304729 -0.225617 -0.432676 -0.419002 -0.022647 -0.155783 0.098402 0.060067 187.715284 107.470442
0.290397 0.334397 0.483996 0.359819 0.255198 0.316797 0.296264 0.289420 -0.271820 -0.220976 -0.440974 -0.423374 -0.030677 -0.186754 0.105110 0.062211 187.677989 107.488346
0.290310 0.334296 0.483849 0.360688 0.255121 0.316701 0.296174 0.289332 -0.272715 -0.221398 -0.441818 -0.424223 -0.022848 -0.188652 0.098969 0.062436 187.603610 107.489096
0.292486 0.331614 0.493020 0.348244 0.257270 0.316941 0.299333 0.289551 -0.271943 -0.221076 -0.441174 -0.423567 -0.030691 -0.186839 0.105158 0.062239 187.559522 107.534217
0.290453 0.331527 0.492890 0.349130 0.257202 0.316858 0.298277 0.289475 -0.272850 -0.221018 -0.441058 -0.423455 -0.030683 -0.187279 0.100974 0.071635 187.535568 107.545934
0.291399 0.331491 0.492836 0.349092 0.257174 0.316823 0.299222 0.289443 -0.272820 -0.220994 -0.441010 -0.423408 -0.030680 -0.187258 0.101207 0.070894 187.531859 107.546750
0.291521 0.331629 0.493042 0.348260 0.257282 0.316956 0.298369 0.289564 -0.272934 -0.221086 -0.443151 -0.420651 -0.030754 -0.187826 0.101250 0.071902 187.482229 107.558559
0.292359 0.331470 0.492805 0.348093 0.257158 0.316803 0.299203 0.289425 -0.272803 -0.221958 -0.440982 -0.423382 -0.030678 -0.186269 0.101201 0.070890 187.441711 107.564951
0.291140 0.331196 0.492397 0.348782 0.256946 0.316541 0.298956 0.289186 -0.272577 -0.220797 -0.442572 -0.423032 -0.030653 -0.187092 0.100873 0.071808 187.430029 107.574626
0.291237 0.331306 0.492561 0.347920 0.257031 0.316646 0.299055 0.289282 -0.272668 -0.220871 -0.442719 -0.423173 -0.030663 -0.187154 0.100907 0.071832 187.407131 107.579062
0.292089 0.331165 0.492351 0.347772 0.256921 0.316511 0.297950 0.289159 -0.272551 -0.221753 -0.442530 -0.422992 -0.030650 -0.187074 0.101108 0.071801 187.343416 107.589470
0.292105 0.331183 0.492378 0.347791 0.256936 0.316529 0.297967 0.289175 -0.272567 -0.222254 -0.443531 -0.421062 -0.030652 -0.187084 0.101113 0.071805 187.325983 107.594130
0.292066 0.331139 0.492313 0.347745 0.256901 0.316487 0.297927 0.289136 -0.272530 -0.221736 -0.442495 -0.422959 -0.030770 -0.188524 0.101100 0.074726 187.324556 107.594679
0.292018 0.331084 0.492232 0.347687 0.256859 0.316435 0.297878 0.289088 -0.272485 -0.222188 -0.442422 -0.422889 -0.030764 -0.188493 0.101083 0.074714 187.300969 107.599309
0.290598 0.335759 0.486948 0.346558 0.253292 0.318087 0.298452 0.290598 -0.273908 -0.221876 -0.444733 -0.425098 -0.030802 -0.188005 0.101366 0.071913 187.132888 107.614544
0.291410 0.333459 0.498722 0.331504 0.257184 0.318791 0.300211 0.292388 -0.275764 -0.223936 -0.445917 -0.419514 -0.031292 -0.187265 0.100233 0.063807 187.094961 107.617558
0.291412 0.333462 0.498725 0.331506 0.257186 0.318793 0.300213 0.292390 -0.275766 -0.223937 -0.445919 -0.419516 -0.031293 -0.187267 0.100967 0.071631 187.073272 107.643460
0.291891 0.335134 0.498278 0.332186 0.259459 0.316461 0.297788 0.288942 -0.272235 -0.261424 -0.422603 -0.414741 -0.019042 -0.188206 0.106388 0.062285 186.991595 107.658192
0.290630 0.334665 0.497105 0.331730 0.257360 0.317051 0.295523 0.288673 -0.272038 -0.261274 -0.419800 -0.419800 -0.030152 -0.171247 0.093207 0.059447 186.973607 107.658281
0.291565 0.334615 0.497030 0.331679 0.257321 0.317982 0.295478 0.288630 -0.271997 -0.261234 -0.419736 -0.419736 -0.030147 -0.171221 0.092948 0.063841 186.895840 107.668357
0.291657 0.334721 0.497187 0.330806 0.257402 0.318082 0.295572 0.288721 -0.272083 -0.261317 -0.419869 -0.419869 -0.030157 -0.171275 0.092978 0.063861 186.860588 107.673222
0.291403 0.334429 0.496754 0.331496 0.258156 0.315850 0.295315 0.287492 -0.270868 -0.262067 -0.420481 -0.420481 -0.022674 -0.187750 0.105854 0.061850 186.843918 107.688903
0.290905 0.331064 0.498555 0.332043 0.257603 0.317351 0.295803 0.288946 -0.272295 -0.261521 -0.420196 -0.420196 -0.030241 -0.171409 0.093295 0.060605 186.718919 107.717720
0.290436 0.333464 0.495795 0.330530 0.258165 0.314884 0.294348 0.287502 -0.270878 -0.260121 -0.418541 -0.429298 -0.022614 -0.187268 0.105858 0.059774 186.660020 107.718716
0.290436 0.333464 0.495795 0.330530 0.258165 0.314884 0.294348 0.287502 -0.270878 -0.260121 -0.418541 -0.429298 -0.022614 -0.187268 0.105858 0.060630 186.655678 107.720920
0.290437 0.333464 0.495796 0.330531 0.258166 0.314884 0.294348 0.287503 -0.270879 -0.260122 -0.418542 -0.429299 -0.022614 -0.187268 0.105858 0.068698 186.605218 107.741083
0.290174 0.333163 0.495348 0.330232 0.257933 0.314600 0.296037 0.287243 -0.270634 -0.259887 -0.420118 -0.428911 -0.022594 -0.187099 0.105762 0.061796 186.456935 107.753282
0.288958 0.329821 0.490353 0.347333 0.255879 0.315227 0.298687 0.287985 -0.277283 -0.260743 -0.420303 -0.420303 -0.029857 -0.154695 0.091941 0.058619 186.403873 107.761031
0.289643 0.334655 0.485347 0.345418 0.252459 0.317041 0.297471 0.289643 -0.278879 -0.258330 -0.422722 -0.423700 -0.029478 -0.155585 0.092715 0.060791 186.384850 107.780712
0.288779 0.333809 0.485540 0.345556 0.252559 0.317167 0.297589 0.289758 -0.278990 -0.258433 -0.422890 -0.423869 -0.029979 -0.155647 0.092507 0.058735 186.337910 107.788509
0.289343 0.334308 0.484845 0.345061 0.252198 0.316713 0.297163 0.290320 -0.277613 -0.261973 -0.422284 -0.422284 -0.029936 -0.155424 0.092130 0.058651 186.298799 107.807687
0.289336 0.334300 0.484833 0.345052 0.252191 0.316705 0.297156 0.290313 -0.277606 -0.261966 -0.422274 -0.422274 -0.029997 -0.155909 0.092128 0.061093 186.273866 107.813534
0.289215 0.334161 0.484631 0.344909 0.252086 0.316573 0.297032 0.289215 -0.278467 -0.261857 -0.422098 -0.423075 -0.029984 -0.155355 0.092090 0.058747 186.198971 107.814153
0.288331 0.333292 0.485765 0.345020 0.252168 0.316676 0.300060 0.289309 -0.278557 -0.261942 -0.422234 -0.422234 -0.029994 -0.155406 0.092364 0.058888 186.191169 107.821519
0.288243 0.333189 0.485615 0.344914 0.252090 0.316578 0.299968 0.289220 -0.278472 -0.261861 -0.422104 -0.423082 -0.029923 -0.155358 0.092335 0.058748 186.151268 107.827265
0.288945 0.333849 0.484179 0.344587 0.251851 0.316278 0.297731 0.288945 -0.279184 -0.262589 -0.422680 -0.422680 -0.029956 -0.155699 0.092004 0.061010 186.015658 107.845586
0.288079 0.332024 0.486317 0.344719 0.251947 0.316399 0.299798 0.289056 -0.278314 -0.261713 -0.422842 -0.422842 -0.029968 -0.155758 0.092527 0.059691 186.011630 107.853126
0.287879 0.332769 0.485003 0.344479 0.251772 0.316179 0.299589 0.288855 -0.278120 -0.261531 -0.421572 -0.426451 -0.029886 -0.155162 0.092463 0.060747 185.946209 107.857959
0.288769 0.332818 0.484544 0.344565 0.251571 0.316177 0.297579 0.287790 -0.280938 -0.262339 -0.422875 -0.422875 -0.029978 -0.155641 0.092259 0.058733 185.855680 107.859477
0.288089 0.333988 0.481450 0.344730 0.251956 0.314456 0.295901 0.289065 -0.279300 -0.262698 -0.421879 -0.427739 -0.029969 -0.155275 0.092286 0.058716 185.688886 107.881444
0.288112 0.334015 0.481489 0.344758 0.250023 0.316435 0.296902 0.287135 -0.280299 -0.262719 -0.421913 -0.427773 -0.029971 -0.155288 0.092538 0.061041 185.606357 107.890742
0.288496 0.332503 0.482130 0.346195 0.253289 0.313922 0.296319 0.288496 -0.279694 -0.263069 -0.423453 -0.423453 -0.030011 -0.156472 0.097795 0.060022 185.545346 107.899629
0.288347 0.333310 0.482859 0.343084 0.250227 0.315715 0.298121 0.285415 -0.281505 -0.262933 -0.424212 -0.424212 -0.030057 -0.155414 0.092857 0.060846 185.495828 107.914239
0.288342 0.333304 0.482851 0.343078 0.250222 0.315710 0.298116 0.285410 -0.281500 -0.262929 -0.424205 -0.424205 -0.030056 -0.155900 0.092856 0.061334 185.487964 107.914521
0.288954 0.333032 0.482896 0.342827 0.250754 0.316380 0.297770 0.290913 -0.280139 -0.263487 -0.424126 -0.424126 -0.030059 -0.156231 0.092808 0.059872 185.415754 107.925611
0.288166 0.333100 0.482556 0.342869 0.250069 0.316494 0.297934 0.291096 -0.280351 -0.262768 -0.423946 -0.425899 -0.030587 -0.156293 0.099637 0.058732 185.404396 107.943771
0.287489 0.331493 0.483061 0.343227 0.251309 0.314869 0.299224 0.288467 -0.279667 -0.262065 -0.419500 -0.434168 -0.029886 -0.155479 0.099252 0.060871 185.214463 107.947150
0.287489 0.331493 0.483061 0.343227 0.251309 0.314869 0.299224 0.288467 -0.279667 -0.262065 -0.419500 -0.434168 -0.029886 -0.155479 0.099252 0.060994 185.213667 107.947419
0.287507 0.332491 0.482112 0.342270 0.250346 0.315866 0.297286 0.290441 -0.279683 -0.262081 -0.420503 -0.434194 -0.029888 -0.155977 0.099503 0.059775 185.186327 107.957154
0.287404 0.332372 0.481940 0.342148 0.250257 0.315754 0.297180 0.290337 -0.279584 -0.261988 -0.420353 -0.435017 -0.030121 -0.155922 0.098245 0.060243 185.103444 107.962157
0.287270 0.331240 0.482692 0.342966 0.251117 0.314629 0.298996 0.288247 -0.279453 -0.261865 -0.420157 -0.434814 -0.029863 -0.155360 0.099177 0.059726 185.039466 107.964929
0.289261 0.331283 0.482754 0.343009 0.250172 0.315647 0.297079 0.289261 -0.280466 -0.260922 -0.426074 -0.426074 -0.030600 -0.155869 0.092593 0.061077 185.023060 107.971612
0.289484 0.330560 0.483126 0.343274 0.250365 0.315890 0.297308 0.289484 -0.280682 -0.261123 -0.423469 -0.429336 -0.030562 -0.155989 0.097310 0.061369 184.985656 107.975835
0.290254 0.331300 0.482780 0.343028 0.250185 0.316641 0.298073 0.291232 -0.280481 -0.262890 -0.424143 -0.426097 -0.030601 -0.156366 0.099683 0.058759 184.972825 107.976529
0.290254 0.331300 0.482780 0.343028 0.250186 0.316641 0.298073 0.291232 -0.280481 -0.262890 -0.424143 -0.426097 -0.030601 -0.156366 0.099683 0.059981 184.956308 107.979413
0.289814 0.330936 0.482696 0.342685 0.250650 0.316249 0.297646 0.289814 -0.281002 -0.261420 -0.425908 -0.425908 -0.030597 -0.156166 0.097420 0.060582 184.820882 107.987564
0.288421 0.334373 0.482006 0.335351 0.250291 0.316775 0.298198 0.291355 -0.280600 -0.263001 -0.421389 -0.436054 -0.030003 -0.156432 0.099725 0.060006 184.752401 107.991147
0.287932 0.332003 0.483804 0.336900 0.250716 0.316333 0.297725 0.289891 -0.281076 -0.263448 -0.424063 -0.429939 -0.030605 -0.156208 0.097446 0.061088 184.738601 108.013383
0.287348 0.328811 0.491770 0.326882 0.253599 0.314347 0.296026 0.288312 -0.360631 -0.159584 -0.503341 -0.407880 -0.025734 -0.148013 0.097390 0.060507 184.420553 108.062823
0.287813 0.327951 0.491437 0.326972 0.253550 0.314245 0.295645 0.287813 -0.361235 -0.160060 -0.503184 -0.408225 -0.026493 -0.148312 0.099364 0.062531 184.239022 108.093995
0.285659 0.329682 0.481316 0.341422 0.250441 0.314030 0.289573 0.283703 -0.361966 -0.159950 -0.504795 -0.410880 -0.013299 -0.154569 0.098807 0.062855 184.053777 108.097078
0.285649 0.329670 0.481299 0.341409 0.250432 0.314018 0.290540 0.284671 -0.361953 -0.159944 -0.504777 -0.410865 -0.013298 -0.155542 0.099537 0.062608 184.052256 108.099603
0.290559 0.328971 0.503307 0.297453 0.259040 0.316167 0.298438 0.290559 -0.363444 -0.160546 -0.506261 -0.410722 -0.025916 -0.149219 0.099233 0.061436 183.959146 108.145412
0.285736 0.328792 0.502974 0.297479 0.257358 0.317050 0.294543 0.287693 -0.364020 -0.160971 -0.506888 -0.411969 -0.026727 -0.148739 0.098833 0.062138 183.788395 108.179031
0.291224 0.324229 0.506729 0.297048 0.259189 0.316463 0.295107 0.288311 -0.363059 -0.160658 -0.506729 -0.410625 -0.025907 -0.149009 0.098045 0.068923 183.706120 108.216716
0.286250 0.327282 0.502158 0.296996 0.257918 0.313604 0.293088 0.286250 -0.366360 -0.162176 -0.513881 -0.402508 -0.026866 -0.154360 0.098673 0.060572 183.381880 108.267682
0.289466 0.326627 0.499719 0.295333 0.257194 0.312936 0.291422 0.285554 -0.363788 -0.161847 -0.510477 -0.413662 -0.026832 -0.154512 0.098770 0.058309 183.222382 108.304316
0.290498 0.322776 0.504704 0.296367 0.257243 0.316907 0.293433 0.286586 -0.366791 -0.162366 -0.512529 -0.408850 -0.017178 -0.149651 0.086563 0.054407 183.066122 108.323628
0.289127 0.326244 0.499134 0.294987 0.256893 0.312569 0.292057 0.284243 -0.364339 -0.167029 -0.507925 -0.413177 -0.026739 -0.155308 0.099387 0.062514 182.990066 108.339370
0.288268 0.326378 0.499339 0.295108 0.256998 0.312697 0.292177 0.285336 -0.365465 -0.172472 -0.506179 -0.412370 -0.018933 -0.153906 0.098451 0.060829 182.983449 108.369392
0.288268 0.326378 0.499339 0.295108 0.256998 0.312698 0.292177 0.285336 -0.365465 -0.172472 -0.506179 -0.412370 -0.018933 -0.153906 0.098451 0.062784 182.971261 108.370125
0.287324 0.326416 0.499397 0.295143 0.257028 0.312734 0.292211 0.285370 -0.365508 -0.172492 -0.506238 -0.412418 -0.018935 -0.153924 0.098462 0.060837 182.956012 108.372212
0.288069 0.326153 0.498995 0.294905 0.256821 0.312482 0.291975 0.285140 -0.365213 -0.174306 -0.505830 -0.412086 -0.018920 -0.153800 0.100336 0.060788 182.885729 108.391698
0.288938 0.326032 0.498809 0.294795 0.256726 0.312366 0.291867 0.284058 -0.366054 -0.172777 -0.507595 -0.413885 -0.012415 -0.152766 0.087365 0.049417 182.855394 108.392582
0.288413 0.325564 0.498612 0.294279 0.256150 0.312855 0.291346 0.283525 -0.365649 -0.172559 -0.508389 -0.414532 -0.012435 -0.155450 0.085302 0.051694 182.677552 108.415219
0.288673 0.322922 0.501018 0.294544 0.256381 0.313137 0.292587 0.283780 -0.365978 -0.172714 -0.506890 -0.412949 -0.018959 -0.154122 0.098589 0.060915 182.481452 108.440070
0.289355 0.323569 0.499528 0.294242 0.256118 0.314771 0.290332 0.284467 -0.366581 -0.173026 -0.508326 -0.414481 -0.012433 -0.152986 0.087491 0.049488 182.413787 108.448119
0.290476 0.322751 0.499776 0.294388 0.254289 0.314927 0.291454 0.284608 -0.366763 -0.173112 -0.508578 -0.414687 -0.012439 -0.153062 0.087534 0.049513 182.292783 108.473619
0.290427 0.322697 0.499692 0.294339 0.254246 0.314874 0.291405 0.284560 -0.366701 -0.173083 -0.508492 -0.414617 -0.013660 -0.153037 0.087519 0.049505 182.254701 108.474934
0.290208 0.324408 0.499315 0.288254 0.256009 0.312683 0.289231 0.282391 -0.367402 -0.176861 -0.508109 -0.415281 -0.012458 -0.155364 0.085255 0.050933 182.140793 108.498713
0.288853 0.322145 0.499373 0.293749 0.253603 0.314311 0.288853 0.281999 -0.367186 -0.176739 -0.507207 -0.415165 -0.012423 -0.154708 0.087390 0.050182 182.039589 108.521621
0.289445 0.321714 0.498706 0.293356 0.256198 0.312914 0.289445 0.282600 -0.366696 -0.176503 -0.508485 -0.414610 -0.012437 -0.153034 0.087518 0.049504 181.694957 108.540762
0.289578 0.321862 0.499913 0.288600 0.256316 0.313057 0.289578 0.282730 -0.367842 -0.177073 -0.508718 -0.415779 -0.012443 -0.155061 0.087558 0.049527 181.599361 108.560119
0.289568 0.321850 0.499895 0.288589 0.256306 0.313046 0.289568 0.282720 -0.367829 -0.177067 -0.508700 -0.415764 -0.012473 -0.155545 0.084620 0.050992 181.541954 108.560846
0.288885 0.328056 0.498450 0.282031 0.257549 0.313367 0.287906 0.278113 -0.305533 -0.313367 -0.413253 -0.416191 -0.022462 -0.154235 0.098662 0.063653 181.255709 108.567556
0.289826 0.322138 0.498384 0.288847 0.256536 0.313326 0.289826 0.282972 -0.368158 -0.177225 -0.509154 -0.416136 -0.012484 -0.155684 0.084696 0.051283 181.200443 108.571469
0.288290 0.326403 0.499377 0.281449 0.257018 0.312721 0.287313 0.277540 -0.304903 -0.312721 -0.412401 -0.420219 -0.022721 -0.153917 0.097481 0.060468 181.123091 108.598877
0.288338 0.322433 0.497774 0.293209 0.253270 0.311717 0.282494 0.276649 -0.308795 -0.309769 -0.412051 -0.419844 -0.022709 -0.152449 0.087183 0.049315 181.065598 108.610831
0.290590 0.328749 0.500950 0.271022 0.257324 0.317008 0.290590 0.280806 -0.308202 -0.308202 -0.431483 -0.398216 -0.025622 -0.153612 0.083166 0.050878 180.880598 108.618552
0.290588 0.328746 0.500946 0.271020 0.257322 0.317005 0.290588 0.280804 -0.308199 -0.308199 -0.431479 -0.398213 -0.025683 -0.153611 0.083165 0.050877 180.873864 108.618698
0.290147 0.322386 0.499210 0.285263 0.254001 0.312617 0.283309 0.277447 -0.311640 -0.310663 -0.413240 -0.421056 -0.020943 -0.153378 0.088412 0.050068 180.780368 108.690465
0.290312 0.322569 0.498516 0.285425 0.254146 0.312795 0.281515 0.277605 -0.309862 -0.310840 -0.413475 -0.421295 -0.022726 -0.152487 0.098970 0.058405 180.645360 108.708386
0.289665 0.321850 0.498379 0.284788 0.253579 0.312097 0.282838 0.276986 -0.311121 -0.310146 -0.412553 -0.422306 -0.029930 -0.153122 0.099481 0.062663 180.418243 108.720772
0.290398 0.324619 0.495729 0.282575 0.255198 0.313864 0.292353 0.284531 -0.327553 -0.252265 -0.482040 -0.387197 -0.014942 -0.185287 0.089710 0.055122 180.150574 108.737080
0.290339 0.324554 0.495629 0.282518 0.255146 0.313800 0.292294 0.283496 -0.326509 -0.253191 -0.481943 -0.387118 -0.014939 -0.185250 0.098246 0.058899 180.016612 108.764019
0.289897 0.324060 0.494874 0.282088 0.254758 0.313323 0.291849 0.283064 -0.326012 -0.252806 -0.483161 -0.388481 -0.014916 -0.184968 0.089556 0.058809 179.865489 108.787367
0.290458 0.324687 0.493876 0.281656 0.254273 0.312951 0.291436 0.283612 -0.326643 -0.253295 -0.484096 -0.387277 -0.014945 -0.186793 0.098286 0.058923 179.778636 108.817391
0.290460 0.324689 0.493880 0.281658 0.254275 0.312953 0.295350 0.286548 -0.326645 -0.253297 -0.484100 -0.387280 -0.014945 -0.186794 0.104155 0.061246 179.725993 108.822473
0.288512 0.323720 0.493893 0.281666 0.254281 0.312962 0.291446 0.283622 -0.326654 -0.253303 -0.484113 -0.389246 -0.014915 -0.186799 0.098290 0.058925 179.497324 108.849602
0.288386 0.325534 0.496611 0.268835 0.255148 0.317714 0.295229 0.288386 -0.332377 -0.255148 -0.483902 -0.389077 -0.025539 -0.156413 0.087982 0.055600 179.425365 108.871149
0.286328 0.326394 0.491545 0.280464 0.253102 0.313690 0.292191 0.284373 -0.329326 -0.257988 -0.496432 -0.366460 -0.008551 -0.218410 0.116046 0.075735 179.001578 108.897860
0.286591 0.325716 0.491019 0.280722 0.253335 0.313978 0.291482 0.284635 -0.329628 -0.258225 -0.496888 -0.366797 -0.008314 -0.216166 0.116152 0.065045 178.776252 108.932633
0.286463 0.325571 0.490800 0.280597 0.253222 0.313838 0.291352 0.284508 -0.329481 -0.258110 -0.497644 -0.366634 -0.008310 -0.216069 0.116101 0.065016 178.674228 108.947164
0.295664 0.325034 0.490489 0.280000 0.252587 0.313286 0.289790 0.283916 -0.328951 -0.257482 -0.497342 -0.366153 -0.008291 -0.215874 0.116014 0.065350 178.153078 108.956047
0.287955 0.332030 0.501473 0.201764 0.333989 0.235065 0.333009 0.307544 -0.300688 -0.330071 -0.429974 -0.419200 -0.022650 -0.155731 0.098434 0.059378 177.760459 109.029384
0.287683 0.331717 0.501000 0.201574 0.333674 0.234844 0.332695 0.307254 -0.300404 -0.328781 -0.432504 -0.418805 -0.022628 -0.155584 0.098341 0.059322 177.659305 109.054761
0.287846 0.331904 0.501283 0.199730 0.333862 0.234976 0.332883 0.307427 -0.300574 -0.328967 -0.432748 -0.419041 -0.022641 -0.155672 0.098396 0.059356 177.620003 109.058946
0.287605 0.331627 0.500864 0.201519 0.333583 0.234780 0.332605 0.307170 -0.305214 -0.328692 -0.431408 -0.422604 -0.012381 -0.153096 0.082662 0.054904 177.493895 109.087662
0.287461 0.328527 0.500613 0.203863 0.334394 0.232218 0.335372 0.300172 -0.304083 -0.329505 -0.431192 -0.424348 -0.013169 -0.153508 0.083354 0.060377 177.075042 109.160131
0.287714 0.327838 0.501053 0.203553 0.333709 0.231933 0.334688 0.300436 -0.304351 -0.328816 -0.432550 -0.423742 -0.013150 -0.153643 0.082938 0.059696 177.036946 109.185709
0.288687 0.326853 0.501044 0.203060 0.332724 0.232418 0.334681 0.300430 -0.304345 -0.328810 -0.432541 -0.421777 -0.022691 -0.156087 0.098349 0.059205 176.799478 109.204940
0.288721 0.326891 0.500124 0.203084 0.332764 0.231956 0.334721 0.300466 -0.304381 -0.328849 -0.432593 -0.421827 -0.026242 -0.154148 0.099340 0.062393 176.587715 109.210289
0.288789 0.321094 0.507093 0.202641 0.334799 0.232010 0.336757 0.301515 -0.307388 -0.331862 -0.430735 -0.417030 -0.022516 -0.154673 0.097894 0.059104 176.445315 109.277586
0.288978 0.320324 0.507425 0.202284 0.334039 0.231672 0.335998 0.301712 -0.307590 -0.331100 -0.428079 -0.427099 -0.012520 -0.154774 0.099673 0.062693 176.427924 109.303172
0.288460 0.320728 0.506516 0.202411 0.334418 0.231746 0.336373 0.301171 -0.307038 -0.331484 -0.428289 -0.427311 -0.012528 -0.154497 0.091183 0.062214 176.199758 109.303776
0.288338 0.320593 0.506302 0.202814 0.332322 0.232137 0.336232 0.299090 -0.312774 -0.331345 -0.431041 -0.417357 -0.022481 -0.154432 0.088701 0.060966 176.127494 109.326715
0.288191 0.320430 0.506044 0.202711 0.334107 0.232018 0.336060 0.298937 -0.312614 -0.331176 -0.430822 -0.419099 -0.020454 -0.153865 0.099402 0.062401 176.075408 109.329679
0.288280 0.320528 0.504246 0.201796 0.336164 0.231601 0.330301 0.297075 -0.320528 -0.257009 -0.517927 -0.373298 -0.024186 -0.218897 0.116045 0.070604 175.487809 109.342236
0.288561 0.319863 0.502781 0.201504 0.332579 0.229382 0.330623 0.304212 -0.329645 -0.268998 -0.500825 -0.388335 -0.022865 -0.188298 0.113957 0.075075 175.215056 109.424257
0.288507 0.319802 0.502686 0.201466 0.332516 0.229338 0.330560 0.304155 -0.329582 -0.268947 -0.500730 -0.388262 -0.024389 -0.188263 0.113936 0.075061 175.189189 109.424596
0.288507 0.319802 0.502686 0.201466 0.332516 0.229338 0.330560 0.304155 -0.329582 -0.268947 -0.500730 -0.388262 -0.024389 -0.188263 0.113936 0.074816 175.184538 109.425326
0.288552 0.319852 0.502765 0.201497 0.332568 0.229374 0.330612 0.304202 -0.329634 -0.268989 -0.500809 -0.390279 -0.014489 -0.203943 0.113954 0.075072 175.121858 109.431073
0.288502 0.320775 0.499744 0.200485 0.331533 0.228357 0.331533 0.304150 -0.329577 -0.267965 -0.498766 -0.397057 -0.024388 -0.187771 0.111978 0.067480 174.907233 109.455027
0.288083 0.320309 0.499018 0.200193 0.331051 0.227537 0.329098 0.302731 -0.328122 -0.267575 -0.499018 -0.400387 -0.024231 -0.187010 0.113036 0.073974 174.675801 109.476178
0.287428 0.318713 0.499578 0.200418 0.330445 0.228281 0.329467 0.303071 -0.328490 -0.267875 -0.498600 -0.401813 -0.024258 -0.187219 0.113407 0.073324 174.169780 109.513041
0.288502 0.318819 0.498766 0.199995 0.330555 0.227868 0.329577 0.303171 -0.328599 -0.267964 -0.499744 -0.400969 -0.024266 -0.187282 0.113200 0.074081 173.803656 109.534504
0.287597 0.323792 0.492046 0.200047 0.329661 0.230371 0.329661 0.302271 -0.305205 -0.307162 -0.498894 -0.364877 -0.023355 -0.210318 0.078013 0.098800 172.071702 109.580331
0.287137 0.323273 0.493211 0.199238 0.329133 0.230002 0.329133 0.301786 -0.309600 -0.306670 -0.498094 -0.364292 -0.023318 -0.215352 0.077888 0.098886 171.884683 109.595158
0.287175 0.323317 0.493277 0.199265 0.329177 0.230033 0.329177 0.301827 -0.309641 -0.306711 -0.498161 -0.364342 -0.023321 -0.210009 0.077899 0.098167 171.877195 109.605270
0.287179 0.323321 0.493284 0.199267 0.329182 0.230036 0.329182 0.301831 -0.309646 -0.306715 -0.498168 -0.364346 -0.023199 -0.210012 0.077900 0.098168 171.875859 109.605420
0.287389 0.323557 0.491690 0.199902 0.329422 0.230205 0.329422 0.302052 -0.309872 -0.306940 -0.498533 -0.364613 -0.023338 -0.210166 0.077957 0.098729 171.741275 109.612926
0.287385 0.323552 0.491682 0.199899 0.329417 0.230201 0.329417 0.302047 -0.308890 -0.309867 -0.496569 -0.364607 -0.022849 -0.209185 0.088952 0.097994 171.736684 109.628347
0.287284 0.323439 0.491510 0.199829 0.329302 0.230121 0.329302 0.301942 -0.309759 -0.306827 -0.499327 -0.364480 -0.022963 -0.210089 0.089410 0.098937 171.677768 109.631223
0.286541 0.322725 0.491912 0.199503 0.329571 0.228353 0.329571 0.301210 -0.309034 -0.310012 -0.497779 -0.363799 -0.023410 -0.210260 0.086305 0.098285 171.622474 109.663906
0.286335 0.323471 0.490581 0.199360 0.329334 0.229654 0.329334 0.301971 -0.309789 -0.310766 -0.497422 -0.364515 -0.022904 -0.209621 0.089174 0.098214 171.540336 109.665180
0.287641 0.317971 0.495056 0.200566 0.329711 0.229917 0.329711 0.302317 -0.310144 -0.307209 -0.498969 -0.364933 -0.023359 -0.209861 0.078025 0.098816 171.143801 109.715591
0.287883 0.322038 0.489889 0.196151 0.329845 0.230306 0.329845 0.302521 -0.310328 -0.311304 -0.499647 -0.364977 -0.023421 -0.209813 0.087097 0.098319 170.808748 109.732244
0.287549 0.317869 0.493919 0.199524 0.329605 0.229843 0.329605 0.300264 -0.310044 -0.311022 -0.497831 -0.364815 -0.022923 -0.210771 0.089248 0.098295 170.622312 109.771588
0.289428 0.317784 0.493788 0.199471 0.329518 0.229783 0.329518 0.300184 -0.309962 -0.310940 -0.497699 -0.364719 -0.022917 -0.209738 0.089224 0.098269 170.391182 109.774372
0.289985 0.318395 0.491798 0.199854 0.330151 0.230224 0.330151 0.302720 -0.310558 -0.307619 -0.500615 -0.365420 -0.023390 -0.211121 0.089396 0.098458 169.564841 109.779773
0.288416 0.316769 0.491774 0.199936 0.330456 0.230244 0.330456 0.297215 -0.310903 -0.311880 -0.498618 -0.365653 -0.022976 -0.210202 0.089458 0.103879 167.986819 109.853468
0.289377 0.317729 0.490768 0.198458 0.332393 0.230720 0.330438 0.303064 -0.310885 -0.311863 -0.499567 -0.364655 -0.022974 -0.210190 0.089453 0.098985 167.379177 109.869235
0.291729 0.319140 0.485563 0.202155 0.331867 0.232992 0.333824 0.305435 -0.301519 -0.314245 -0.499268 -0.369067 -0.023679 -0.197260 0.111846 0.079296 166.392856 109.920120
0.288993 0.316423 0.488839 0.197887 0.331118 0.231194 0.331118 0.304667 -0.305647 -0.314464 -0.501574 -0.366384 -0.023511 -0.210622 0.087433 0.098698 165.931197 109.935889
0.288320 0.315686 0.487701 0.197426 0.330347 0.229679 0.335234 0.305913 -0.302003 -0.314709 -0.502362 -0.371396 -0.024312 -0.201824 0.112152 0.081365 165.151867 109.988748
0.300697 0.315389 0.485817 0.196873 0.332040 0.233114 0.333999 0.305594 -0.301676 -0.314410 -0.501488 -0.370239 -0.023752 -0.201281 0.111904 0.081296 164.538186 110.002345
0.300130 0.314795 0.485879 0.200413 0.331414 0.233163 0.334347 0.305018 -0.301108 -0.313817 -0.500543 -0.370519 -0.023768 -0.201390 0.111938 0.086764 163.842373 110.010942
0.301600 0.329018 0.438691 0.231096 0.306496 0.220325 0.324122 0.298662 -0.311392 -0.325101 -0.505278 -0.377000 -0.022889 -0.198292 0.122158 0.107714 163.280236 110.151585
0.302364 0.328785 0.438380 0.232889 0.306279 0.220168 0.323892 0.298450 -0.311171 -0.324871 -0.504919 -0.376732 -0.022873 -0.198151 0.121826 0.107638 163.122295 110.156635
0.302665 0.328132 0.437836 0.232141 0.306583 0.219897 0.324214 0.298747 -0.311481 -0.325194 -0.505421 -0.376128 -0.026753 -0.197859 0.121458 0.105541 162.237374 110.180172
0.308024 0.312913 0.472304 0.198993 0.325625 0.214150 0.324648 0.287489 -0.322692 -0.316825 -0.494794 -0.391142 -0.022430 -0.191170 0.121743 0.107808 161.764384 110.225376
0.300534 0.330881 0.426817 0.242776 0.295639 0.224177 0.330881 0.303471 -0.318155 -0.321091 -0.505132 -0.390596 -0.024596 -0.159077 0.110375 0.082720 160.905191 110.258471
0.299039 0.331289 0.426082 0.242359 0.296108 0.223791 0.331289 0.303926 -0.318584 -0.321516 -0.506217 -0.389924 -0.024553 -0.156849 0.110185 0.082822 160.902569 110.270433
0.298893 0.331127 0.425874 0.242729 0.295963 0.223682 0.331127 0.303777 -0.318429 -0.321359 -0.505970 -0.390710 -0.024603 -0.159214 0.110376 0.088398 160.881785 110.275425
0.308109 0.311043 0.470477 0.197092 0.325715 0.223990 0.330606 0.295393 -0.301262 -0.325715 -0.506668 -0.375599 -0.026226 -0.197581 0.121532 0.106371 160.381748 110.306752
0.307625 0.326180 0.430675 0.228033 0.300789 0.223150 0.330086 0.302742 -0.322274 -0.326180 -0.501966 -0.397471 -0.023926 -0.146488 0.111819 0.093264 159.753431 110.346869
0.298857 0.328157 0.425823 0.242211 0.295927 0.223655 0.331087 0.303740 -0.318390 -0.321320 -0.509815 -0.389686 -0.024539 -0.156754 0.110118 0.090341 159.348159 110.389290
0.306831 0.309763 0.468064 0.197388 0.319534 0.221817 0.327352 0.299991 -0.314648 -0.316603 -0.508128 -0.388913 -0.022414 -0.196411 0.114817 0.107489 158.634950 110.393179
0.304891 0.325413 0.428021 0.244304 0.296097 0.223783 0.331276 0.303914 -0.318573 -0.321504 -0.506198 -0.389909 -0.024919 -0.156843 0.110181 0.082819 158.524029 110.414605
0.308101 0.322773 0.431342 0.228386 0.301254 0.223496 0.330597 0.303211 -0.322773 -0.326685 -0.502743 -0.398086 -0.023963 -0.146715 0.111992 0.093408 158.344305 110.439065
0.306741 0.323348 0.425920 0.242267 0.295995 0.223217 0.330186 0.302833 -0.318463 -0.321394 -0.509932 -0.392706 -0.024544 -0.145555 0.109899 0.093292 158.301857 110.480601
0.303175 0.323712 0.426401 0.243518 0.299263 0.223469 0.328602 0.303175 -0.317844 -0.321756 -0.508551 -0.393149 -0.023472 -0.145230 0.105133 0.084351 157.807605 110.485839
0.305815 0.322371 0.425608 0.242022 0.295101 0.223517 0.331137 0.303867 -0.318476 -0.322371 -0.510340 -0.393468 -0.024835 -0.145603 0.111272 0.090332 157.691933 110.525404
0.307747 0.319470 0.431822 0.227635 0.299931 0.224215 0.332171 0.304816 -0.319470 -0.323378 -0.511934 -0.394697 -0.024913 -0.146058 0.111619 0.090614 157.353912 110.541797
0.308225 0.320004 0.429944 0.227733 0.300372 0.224297 0.332765 0.305280 -0.320004 -0.323931 -0.512399 -0.394607 -0.024908 -0.146260 0.111658 0.083928 156.828460 110.549288
0.308057 0.319792 0.430302 0.227864 0.300233 0.219552 0.332506 0.305123 -0.319792 -0.323704 -0.512450 -0.395095 -0.024938 -0.146205 0.111732 0.083615 156.810085 110.572336
0.295508 0.330734 0.408036 0.232395 0.292572 0.214781 0.325842 0.298443 -0.316057 -0.331713 -0.528392 -0.385530 -0.012415 -0.210378 0.117665 0.106168 156.520207 110.584736
0.296110 0.331291 0.407518 0.231611 0.292201 0.214509 0.325428 0.298065 -0.315655 -0.331291 -0.529675 -0.385041 -0.012368 -0.209622 0.115561 0.087709 155.995093 110.607751
0.299028 0.330298 0.407498 0.231600 0.292187 0.214499 0.325412 0.298050 -0.315640 -0.331276 -0.529650 -0.385022 -0.012368 -0.209612 0.115556 0.087705 155.797507 110.616611
0.296487 0.330735 0.408037 0.231906 0.292573 0.214782 0.325842 0.298444 -0.316057 -0.331713 -0.528393 -0.385531 -0.012384 -0.209889 0.115708 0.084641 155.774150 110.619262
0.296225 0.330442 0.407675 0.231700 0.292314 0.214592 0.325554 0.298180 -0.315777 -0.331420 -0.529880 -0.385190 -0.012373 -0.209703 0.115606 0.087743 155.750556 110.631178
0.295197 0.331484 0.403077 0.230470 0.287352 0.213307 0.322658 0.296178 -0.319715 -0.327561 -0.535474 -0.389347 -0.012443 -0.208403 0.115235 0.084587 155.028379 110.679166
0.295262 0.331436 0.402808 0.230735 0.287440 0.213136 0.322637 0.296240 -0.319704 -0.327526 -0.535773 -0.389120 -0.012435 -0.208248 0.115367 0.084570 154.994799 110.683501
0.295345 0.331529 0.402920 0.230799 0.287521 0.213196 0.322728 0.296323 -0.319794 -0.327617 -0.535923 -0.388251 -0.012438 -0.208306 0.115644 0.067235 154.340134 110.726526
0.295164 0.330350 0.401697 0.230170 0.286368 0.212577 0.321553 0.295164 -0.318621 -0.334259 -0.533642 -0.388014 -0.012370 -0.209645 0.115573 0.084542 154.325185 110.754837
0.294271 0.330444 0.401812 0.229747 0.286450 0.212638 0.321645 0.295249 -0.318712 -0.334354 -0.533794 -0.388125 -0.012373 -0.209705 0.115606 0.084566 154.259981 110.761427
0.298240 0.328553 0.401890 0.229791 0.286506 0.212679 0.321708 0.295306 -0.318774 -0.334420 -0.533898 -0.388200 -0.012376 -0.209746 0.115629 0.084583 153.620632 110.787733
0.296328 0.328601 0.401950 0.230314 0.286548 0.212711 0.321756 0.295350 -0.318822 -0.334469 -0.533977 -0.388258 -0.012378 -0.209777 0.115646 0.084595 153.330295 110.811629
0.294153 0.330311 0.401650 0.229654 0.286335 0.212552 0.321516 0.295130 -0.318584 -0.334220 -0.533579 -0.387969 -0.015544 -0.209620 0.100168 0.062788 152.997406 110.823580
0.296325 0.328598 0.401946 0.230312 0.286546 0.212709 0.321753 0.295347 -0.318819 -0.334466 -0.533972 -0.388255 -0.012377 -0.209775 0.113689 0.067236 152.908309 110.855412
0.297263 0.329638 0.396351 0.224173 0.286471 0.213872 0.325714 0.300206 -0.318846 -0.331600 -0.549397 -0.379672 -0.014348 -0.213872 0.109389 0.060826 152.277769 110.905827
0.296818 0.329145 0.402615 0.230695 0.287022 0.213553 0.323268 0.296818 -0.320329 -0.328166 -0.536820 -0.388901 -0.012459 -0.210124 0.115838 0.067347 152.124477 110.942815
0.295505 0.329639 0.395957 0.225773 0.283802 0.212120 0.320862 0.295505 -0.312084 -0.333540 -0.550048 -0.380353 -0.014355 -0.214558 0.091919 0.061198 151.545644 110.958691
0.295331 0.327603 0.399969 0.228833 0.285552 0.211719 0.320757 0.294353 -0.317823 -0.330536 -0.547634 -0.378454 -0.014302 -0.213186 0.100726 0.072121 151.114269 110.974707
0.295297 0.327564 0.399922 0.229295 0.285519 0.211695 0.320720 0.294319 -0.317786 -0.330498 -0.547570 -0.378410 -0.014300 -0.213161 0.109025 0.060624 150.984414 111.002877
0.295297 0.327564 0.399922 0.229295 0.285519 0.211695 0.320720 0.294319 -0.317786 -0.330498 -0.547570 -0.378410 -0.014300 -0.213161 0.109025 0.059768 150.967434 111.004931
0.295288 0.327554 0.399909 0.229288 0.285510 0.211688 0.320710 0.294310 -0.317776 -0.330488 -0.547553 -0.378398 -0.014300 -0.213155 0.099244 0.060622 150.715131 111.008217
0.295286 0.327553 0.399907 0.229287 0.285509 0.211687 0.320708 0.294308 -0.317775 -0.330486 -0.547551 -0.378397 -0.014300 -0.213154 0.097777 0.058911 150.634705 111.012824
0.296111 0.328361 0.394815 0.223305 0.285361 0.213044 0.324452 0.299043 -0.312725 -0.336179 -0.551178 -0.380156 -0.014415 -0.207669 0.088687 0.060957 150.374180 111.033972
0.296108 0.328357 0.394810 0.223302 0.285358 0.213041 0.324448 0.299040 -0.312721 -0.336175 -0.551171 -0.380152 -0.014414 -0.207666 0.085021 0.060468 150.284875 111.036286
0.296164 0.328314 0.394561 0.223585 0.285448 0.213355 0.324417 0.299087 -0.312726 -0.336108 -0.551411 -0.379948 -0.014431 -0.207997 0.088654 0.061011 150.272241 111.037509
0.295612 0.327807 0.394149 0.228782 0.284880 0.212684 0.323905 0.298539 -0.312197 -0.335612 -0.550248 -0.379515 -0.014390 -0.207318 0.088537 0.060854 149.822378 111.067829
0.295386 0.329507 0.386050 0.221296 0.280763 0.207160 0.327557 0.287587 -0.311959 -0.338281 -0.551778 -0.398723 -0.000091 -0.209598 0.077259 0.062270 149.744085 111.117370
0.296076 0.325390 0.396722 0.226210 0.284350 0.212530 0.321482 0.296076 -0.312687 -0.334185 -0.551112 -0.381088 -0.014382 -0.214973 0.092096 0.061316 149.241463 111.126357
0.298235 0.323658 0.396994 0.226365 0.284545 0.212676 0.321702 0.296279 -0.312902 -0.334414 -0.551490 -0.381349 -0.014392 -0.207786 0.097537 0.060625 149.105287 111.159755
0.298174 0.323593 0.396914 0.226319 0.284488 0.212633 0.321637 0.296219 -0.312839 -0.334346 -0.551378 -0.381272 -0.014389 -0.215077 0.092141 0.061346 148.826500 111.164618
0.298170 0.323587 0.396908 0.226316 0.284483 0.212629 0.321632 0.295237 -0.312834 -0.334341 -0.551370 -0.381266 -0.014389 -0.215562 0.091162 0.057434 148.612289 111.178749
0.294572 0.325889 0.390479 0.224110 0.285764 0.213834 0.323932 0.298487 -0.315124 -0.336654 -0.553913 -0.383629 -0.014313 -0.210409 0.077802 0.061532 148.457951 111.188587
0.296211 0.323766 0.389700 0.223389 0.283418 0.209119 0.319829 0.290307 -0.313925 -0.340495 -0.555027 -0.382811 -0.014485 -0.210103 0.099885 0.071101 148.209526 111.254053
0.295149 0.324469 0.395813 0.225760 0.285376 0.214032 0.323491 0.298081 -0.314696 -0.336196 -0.551206 -0.380176 -0.014599 -0.214521 0.091868 0.061204 147.544269 111.278704
0.296271 0.323649 0.388184 0.222448 0.282582 0.208270 0.318760 0.289427 -0.313871 -0.340272 -0.545608 -0.401873 -0.014484 -0.209248 0.099735 0.054390 147.422480 111.303117
0.296100 0.323462 0.387959 0.222319 0.282418 0.208149 0.318576 0.289259 -0.317599 -0.340075 -0.545292 -0.401640 -0.014475 -0.209126 0.099677 0.054358 147.210464 111.318320
0.295671 0.323084 0.388680 0.222732 0.281964 0.211963 0.322105 0.295671 -0.319168 -0.334832 -0.552180 -0.401407 -0.000091 -0.209515 0.077589 0.057519 147.083966 111.342926
0.295499 0.322897 0.388455 0.222603 0.281801 0.208415 0.318004 0.288650 -0.313112 -0.338552 -0.551860 -0.401175 -0.000091 -0.209394 0.077544 0.057485 146.878729 111.389606
0.295482 0.322787 0.387150 0.221855 0.281829 0.207715 0.317911 0.288656 -0.313035 -0.339365 -0.553907 -0.399827 -0.000091 -0.210153 0.077527 0.062412 146.695824 111.402262
0.296236 0.323611 0.390093 0.223399 0.283526 0.209223 0.319700 0.290370 -0.313834 -0.340231 -0.555320 -0.382271 -0.014482 -0.210200 0.099967 0.060738 146.407755 111.483720
0.292236 0.325467 0.368472 0.226752 0.265847 0.213557 0.323512 0.293214 -0.366517 -0.302010 -0.588382 -0.398771 -0.000089 -0.196453 0.091874 0.061208 145.216357 111.521178
0.292324 0.325564 0.368582 0.226820 0.265926 0.208733 0.312855 0.277658 -0.366626 -0.302100 -0.588558 -0.398890 -0.000089 -0.190157 0.085057 0.060493 145.158681 111.590565
0.294578 0.321981 0.368956 0.227539 0.266197 0.213838 0.323938 0.293599 -0.366999 -0.302407 -0.589156 -0.399295 -0.000089 -0.188882 0.091994 0.061411 144.588977 111.597853
0.295216 0.322587 0.369509 0.227766 0.266868 0.213592 0.324542 0.294239 -0.367554 -0.303036 -0.590432 -0.388082 -0.014969 -0.185732 0.078203 0.055231 144.327002 111.618234
0.294412 0.321799 0.368748 0.227411 0.266046 0.213228 0.323755 0.293434 -0.366792 -0.302237 -0.588823 -0.401026 -0.000089 -0.188776 0.088519 0.050128 144.101234 111.674195
0.294381 0.321765 0.368709 0.227387 0.266018 0.213206 0.323721 0.293403 -0.366753 -0.302205 -0.588761 -0.400984 -0.001047 -0.188756 0.088510 0.050123 144.063724 111.675807
0.293460 0.325740 0.356065 0.259223 0.260201 0.210802 0.314980 0.285634 -0.301285 -0.358021 -0.549748 -0.403018 -0.000092 -0.212269 0.069697 0.061993 143.437147 111.715042
0.296512 0.324891 0.354249 0.257369 0.258347 0.209418 0.314127 0.284769 -0.301405 -0.356206 -0.555838 -0.401221 -0.000000 -0.210396 0.069724 0.061896 143.250214 111.744486
0.296509 0.324888 0.354245 0.257366 0.258344 0.209416 0.314123 0.284766 -0.301402 -0.356202 -0.555832 -0.401217 -0.000091 -0.210394 0.069724 0.060549 143.239736 111.751225
0.294866 0.321228 0.368095 0.227008 0.265575 0.213339 0.324158 0.293890 -0.367118 -0.302677 -0.589732 -0.400315 -0.000089 -0.196252 0.088362 0.050039 142.767216 111.813891
0.293940 0.326273 0.356647 0.259647 0.260627 0.211147 0.315496 0.286102 -0.301778 -0.354688 -0.550647 -0.403678 -0.000092 -0.211637 0.088672 0.063197 142.451392 111.821333
0.295227 0.321621 0.353881 0.260034 0.260034 0.208223 0.314778 0.284473 -0.295227 -0.356814 -0.557216 -0.397872 -0.015000 -0.217510 0.097757 0.059998 141.380013 111.860754
0.294994 0.321367 0.353602 0.259829 0.259829 0.208058 0.314530 0.284249 -0.294994 -0.356532 -0.556776 -0.397558 -0.022161 -0.217338 0.097680 0.059951 141.303997 111.863631
0.295156 0.321631 0.353991 0.259855 0.259855 0.208374 0.314767 0.284369 -0.295156 -0.356932 -0.556971 -0.398117 -0.014954 -0.217689 0.088743 0.059693 141.294364 111.879203
0.305382 0.316149 0.349428 0.257422 0.258401 0.207014 0.321043 0.294616 -0.353343 -0.301467 -0.616638 -0.366067 -0.008289 -0.213376 0.097879 0.058972 140.317197 112.027930
0.296823 0.315314 0.348402 0.255949 0.256922 0.206316 0.320179 0.293903 -0.352295 -0.300716 -0.615056 -0.379544 -0.008242 -0.210696 0.088560 0.070800 139.447906 112.116259
0.307976 0.305034 0.367806 0.246185 0.263839 0.211856 0.322688 0.296206 -0.355055 -0.303072 -0.590451 -0.403115 0.000088 -0.188807 0.085821 0.060933 138.165569 112.122010
0.307101 0.304167 0.366761 0.245486 0.263090 0.211255 0.321772 0.295365 -0.354047 -0.302211 -0.588774 -0.411751 -0.000088 -0.188271 0.084844 0.065773 137.630133 112.142511
0.307068 0.304134 0.366721 0.245459 0.263061 0.211231 0.319781 0.290443 -0.331516 -0.327604 -0.582842 -0.392147 -0.015127 -0.188739 0.079212 0.076767 137.537342 112.150984
0.307158 0.307158 0.353134 0.258247 0.253356 0.209826 0.322809 0.296398 -0.247976 -0.385415 -0.569318 -0.381502 -0.012870 -0.242596 0.099044 0.071165 137.359624 112.257044
0.307157 0.307157 0.353133 0.258247 0.253356 0.209826 0.322809 0.296397 -0.247976 -0.385414 -0.569317 -0.381501 -0.012870 -0.242596 0.099044 0.063584 137.167415 112.299792
0.305412 0.304430 0.360405 0.264166 0.261220 0.216047 0.316214 0.287735 -0.249927 -0.382010 -0.569578 -0.368262 -0.013442 -0.243053 0.093293 0.063587 136.068733 112.318587
0.304126 0.303148 0.358888 0.263054 0.260121 0.215137 0.322706 0.286524 -0.248875 -0.380402 -0.567180 -0.381380 -0.013385 -0.242029 0.106346 0.062830 135.447755 112.350975
0.304121 0.303143 0.358882 0.263050 0.260116 0.215134 0.314878 0.286519 -0.248871 -0.380396 -0.567171 -0.381373 -0.013385 -0.242025 0.092899 0.071141 135.391039 112.356868
0.311131 0.299390 0.356137 0.261232 0.255362 0.218672 0.322871 0.296455 -0.249491 -0.386467 -0.569428 -0.382554 -0.000111 -0.250470 0.089034 0.072157 135.140806 112.448970
0.308371 0.299560 0.356339 0.261381 0.255507 0.218307 0.323055 0.296623 -0.249144 -0.386687 -0.569752 -0.382771 -0.000110 -0.250123 0.100588 0.072198 135.091317 112.459741
0.308346 0.299536 0.356311 0.261360 0.255487 0.218779 0.323029 0.296599 -0.249613 -0.386656 -0.569706 -0.382741 -0.000111 -0.250592 0.106453 0.061669 134.936678 112.508501
0.308314 0.299505 0.356274 0.261333 0.255460 0.219246 0.322996 0.296569 -0.250077 -0.386616 -0.569647 -0.382701 -0.000111 -0.250566 0.100814 0.060562 134.796593 112.524199
0.351523 0.268755 0.379762 0.245385 0.266807 0.211790 0.306731 0.280440 -0.328153 -0.321337 -0.586197 -0.407027 -0.000076 -0.188907 0.090802 0.060007 133.156587 112.609834
0.359821 0.261066 0.400888 0.221955 0.262044 0.211199 0.306044 0.275733 -0.327555 -0.321688 -0.584709 -0.407732 -0.000110 -0.188222 0.099489 0.062578 132.945255 112.636655
0.361940 0.258249 0.392265 0.223522 0.264118 0.212762 0.308138 0.281726 -0.329659 -0.323790 -0.588886 -0.410851 -0.000112 -0.190752 0.105158 0.062239 132.834951 112.693785
0.361869 0.258198 0.392187 0.223478 0.264066 0.212720 0.308077 0.281671 -0.329594 -0.323726 -0.588770 -0.410770 -0.000112 -0.198539 0.105138 0.062227 132.826547 112.713600
0.359105 0.256921 0.377595 0.247189 0.266652 0.211668 0.306553 0.280277 -0.327963 -0.321151 -0.585857 -0.422362 -0.000086 -0.185878 0.105347 0.062284 132.136242 112.757927
0.354137 0.258981 0.384548 0.231023 0.274677 0.208460 0.307049 0.282525 -0.330593 -0.323726 -0.590555 -0.411034 -0.000086 -0.198160 0.090741 0.074310 132.099007 112.791035
0.354007 0.258886 0.382446 0.240745 0.268693 0.213777 0.306937 0.283402 -0.330472 -0.323608 -0.590339 -0.410884 -0.000089 -0.155920 0.091199 0.059328 132.021286 112.796824
0.353437 0.258469 0.381830 0.246721 0.268260 0.212943 0.306443 0.281966 -0.329940 -0.323087 -0.589388 -0.409243 -0.000076 -0.158606 0.091296 0.060579 131.667877 112.828638
0.353308 0.258375 0.381691 0.247120 0.268162 0.213355 0.306331 0.281864 -0.329820 -0.322969 -0.589174 -0.410073 -0.000088 -0.155612 0.091019 0.059089 131.634412 112.831615
0.353259 0.258339 0.381637 0.247575 0.268124 0.213325 0.306288 0.281824 -0.329773 -0.322923 -0.589091 -0.410015 -0.000088 -0.155590 0.091006 0.059203 131.610968 112.833062
0.352043 0.260375 0.380323 0.256474 0.257449 0.208690 0.313035 0.280854 -0.328638 -0.321812 -0.587063 -0.407628 -0.000076 -0.190162 0.085085 0.060462 131.602138 112.882114
0.352554 0.258278 0.381033 0.246984 0.268098 0.213104 0.305416 0.281847 -0.329967 -0.323093 -0.589227 -0.408531 -0.000076 -0.189535 0.091085 0.060273 131.454886 112.890065
0.465365 0.164940 0.403513 0.230228 0.254282 0.211083 0.324970 0.289626 -0.350497 -0.334788 -0.604778 -0.412349 -0.013346 -0.155122 0.099160 0.078788 129.659980 112.995271
0.463831 0.164192 0.401467 0.229480 0.253353 0.209991 0.323513 0.288433 -0.348848 -0.333257 -0.602201 -0.420956 -0.025457 -0.155422 0.100854 0.069672 129.487303 113.078467
0.463051 0.164119 0.401506 0.229083 0.253017 0.210034 0.323354 0.288186 -0.348753 -0.333123 -0.601771 -0.421044 -0.030040 -0.155816 0.100865 0.069604 129.403818 113.096724
0.451142 0.165386 0.404168 0.230953 0.255419 0.211381 0.325879 0.290649 -0.351323 -0.335665 -0.604785 -0.423741 0.016514 -0.188384 0.106180 0.070950 129.374207 113.297378
0.464839 0.160492 0.392422 0.257374 0.254438 0.210401 0.315112 0.290647 -0.349364 -0.333706 -0.604781 -0.421781 0.022447 -0.188382 0.085384 0.073396 128.864240 113.317559
0.444130 0.154416 0.446091 0.230399 0.273537 0.207849 0.314715 0.283341 -0.342167 -0.311774 -0.558839 -0.458837 -0.025859 -0.197555 0.090444 0.074022 128.618785 113.565674
0.448208 0.154773 0.450161 0.238751 0.274393 0.206527 0.305641 0.279276 -0.336888 -0.322241 -0.574175 -0.408172 -0.026731 -0.199692 0.092522 0.067622 128.401520 113.663565
