1.000000e+00  3.755000e-03
9.841340e-01  9.474016e-03
9.682721e-01  1.515427e-02
9.524181e-01  2.074352e-02
9.365761e-01  2.620728e-02
9.207500e-01  3.152564e-02
9.049440e-01  3.669045e-02
8.891618e-01  4.170269e-02
8.734075e-01  4.657017e-02
8.576852e-01  5.130547e-02
8.419986e-01  5.592415e-02
8.263518e-01  6.044322e-02
8.107488e-01  6.487981e-02
7.951933e-01  6.925017e-02
7.796895e-01  7.356877e-02
7.642411e-01  7.784771e-02
7.488520e-01  8.209624e-02
7.335262e-01  8.632044e-02
7.182674e-01  9.052314e-02
7.030796e-01  9.470388e-02
6.879666e-01  9.885900e-02
6.729320e-01  1.029819e-01
6.579799e-01  1.070631e-01
6.431138e-01  1.110909e-01
6.283375e-01  1.150516e-01
6.136549e-01  1.189297e-01
5.990695e-01  1.227087e-01
5.845850e-01  1.263711e-01
5.702051e-01  1.298993e-01
5.559334e-01  1.332756e-01
5.417735e-01  1.364827e-01
5.277289e-01  1.395039e-01
5.138033e-01  1.423239e-01
5.000000e-01  1.449282e-01
4.863226e-01  1.473043e-01
4.727745e-01  1.494411e-01
4.593592e-01  1.513294e-01
4.460799e-01  1.529619e-01
4.329401e-01  1.543333e-01
4.199431e-01  1.554401e-01
4.070921e-01  1.562808e-01
3.943903e-01  1.568558e-01
3.818410e-01  1.571672e-01
3.694473e-01  1.572189e-01
3.572124e-01  1.570160e-01
3.451393e-01  1.565652e-01
3.332310e-01  1.558743e-01
3.214906e-01  1.549522e-01
3.099210e-01  1.538086e-01
2.985251e-01  1.524539e-01
2.873058e-01  1.508991e-01
2.762660e-01  1.491553e-01
2.654083e-01  1.472342e-01
2.547356e-01  1.451473e-01
2.442504e-01  1.429061e-01
2.339556e-01  1.405221e-01
2.238535e-01  1.380064e-01
2.139469e-01  1.353699e-01
2.042382e-01  1.326231e-01
1.947297e-01  1.297759e-01
1.854240e-01  1.268381e-01
1.763234e-01  1.238186e-01
1.674301e-01  1.207262e-01
1.587465e-01  1.175691e-01
1.502746e-01  1.143548e-01
1.420166e-01  1.110906e-01
1.339746e-01  1.077833e-01
1.261506e-01  1.044393e-01
1.185466e-01  1.010645e-01
1.111646e-01  9.766469e-02
1.040062e-01  9.424504e-02
9.707346e-02  9.081059e-02
9.036800e-02  8.736602e-02
8.389154e-02  8.391576e-02
7.764571e-02  8.046397e-02
7.163207e-02  7.701457e-02
6.585214e-02  7.357120e-02
6.030738e-02  7.013728e-02
5.499918e-02  6.671595e-02
4.992888e-02  6.331009e-02
4.509776e-02  5.992230e-02
4.050703e-02  5.655487e-02
3.615784e-02  5.320982e-02
3.205130e-02  4.988881e-02
2.818843e-02  4.659317e-02
2.457021e-02  4.332388e-02
2.119755e-02  4.008155e-02
1.807130e-02  3.686641e-02
1.519225e-02  3.367832e-02
1.256111e-02  3.051676e-02
1.017856e-02  2.738083e-02
8.045187e-03  2.426928e-02
6.161536e-03  2.118047e-02
4.528077e-03  1.811250e-02
3.145224e-03  1.506310e-02
2.013324e-03  1.202979e-02
1.132661e-03  9.009818e-03
5.034576e-04  6.000262e-03
1.258723e-04  2.998047e-03
0.000000e+00  0.000000e+00
1.258723e-04  -2.584009e-03
5.034576e-04  -5.158096e-03
1.132661e-03  -7.711617e-03
2.013324e-03  -1.023437e-02
3.145224e-03  -1.271679e-02
4.528077e-03  -1.515017e-02
6.161536e-03  -1.752681e-02
8.045187e-03  -1.984020e-02
1.017856e-02  -2.208512e-02
1.256111e-02  -2.425775e-02
1.519225e-02  -2.635576e-02
1.807130e-02  -2.837832e-02
2.119755e-02  -3.032615e-02
2.457021e-02  -3.220142e-02
2.818843e-02  -3.400775e-02
3.205130e-02  -3.575010e-02
3.615784e-02  -3.743462e-02
4.050703e-02  -3.906853e-02
4.509776e-02  -4.065990e-02
4.992888e-02  -4.221749e-02
5.499918e-02  -4.375047e-02
6.030738e-02  -4.526824e-02
6.585214e-02  -4.678013e-02
7.163207e-02  -4.829519e-02
7.764571e-02  -4.982189e-02
8.389154e-02  -5.136790e-02
9.036800e-02  -5.293982e-02
9.707346e-02  -5.454298e-02
1.040062e-01  -5.618122e-02
1.111646e-01  -5.785669e-02
1.185466e-01  -5.956969e-02
1.261506e-01  -6.131859e-02
1.339746e-01  -6.309965e-02
1.420166e-01  -6.490705e-02
1.502746e-01  -6.673282e-02
1.587465e-01  -6.856686e-02
1.674301e-01  -7.039702e-02
1.763234e-01  -7.220919e-02
1.854240e-01  -7.398744e-02
1.947297e-01  -7.571420e-02
2.042382e-01  -7.737045e-02
2.139469e-01  -7.893602e-02
2.238535e-01  -8.038978e-02
2.339556e-01  -8.171001e-02
2.442504e-01  -8.287468e-02
2.547356e-01  -8.386177e-02
2.654083e-01  -8.464966e-02
2.762660e-01  -8.521744e-02
2.873058e-01  -8.554528e-02
2.985251e-01  -8.561473e-02
3.099210e-01  -8.540911e-02
3.214906e-01  -8.491378e-02
3.332310e-01  -8.411644e-02
3.451393e-01  -8.300741e-02
3.572124e-01  -8.157985e-02
3.694473e-01  -7.982996e-02
3.818410e-01  -7.775715e-02
3.943903e-01  -7.536416e-02
4.070921e-01  -7.265715e-02
4.199431e-01  -6.964572e-02
4.329401e-01  -6.634290e-02
4.460799e-01  -6.276513e-02
4.593592e-01  -6.762611e-02
4.727745e-01  -6.463895e-02
4.863226e-01  -6.131716e-02
5.000000e-01  -5.767380e-02
5.138033e-01  -5.372719e-02
5.277289e-01  -4.950104e-02
5.417735e-01  -4.502443e-02
5.559334e-01  -4.033165e-02
5.702051e-01  -3.546203e-02
5.845850e-01  -3.045955e-02
5.990695e-01  -2.537240e-02
6.136549e-01  -2.025240e-02
6.283375e-01  -1.515433e-02
6.431138e-01  -1.013512e-02
6.579799e-01  -5.252925e-03
6.729320e-01  -5.662060e-04
6.879666e-01  3.867384e-03
7.030796e-01  7.992091e-03
7.182674e-01  1.175522e-02
7.335262e-01  1.510827e-02
7.488520e-01  1.800812e-02-03
7.642411e-01  5.464407e-03
7.796895e-01  7.215158e-03
7.951933e-01  8.604950e-03
8.107488e-01  9.628370e-03
8.263518e-01  1.028339e-02
8.419986e-01  1.057148e-02
8.576852e-01  1.049773e-02
8.734075e-01  1.007093e-02
8.891618e-01  9.303605e-03
9.049440e-01  8.212097e-03
9.207500e-01  6.816547e-03
9.365761e-01  5.140890e-03
9.524181e-01  3.212803e-03
9.682721e-01  1.063631e-03
9.841340e-01  -1.271733e-03
1.000000e+00  -3.755000e-03