0.262455 0.373118 0.378014 0.444607 0.609132 0.365283 0.422083 0.384869 -0.242380 -0.098666 -0.257559 -0.323173 -0.100135 0.243359 0.202228 0.260497 264.936601 101.695017
0.264852 0.374312 0.379198 0.442724 0.621572 0.340106 0.430019 0.390926 -0.250193 -0.095777 -0.260943 -0.319582 -0.096754 0.245795 0.210123 0.258988 263.948325 102.424535
0.269825 0.372476 0.377364 0.448731 0.613950 0.339237 0.424291 0.389096 -0.247340 -0.098740 -0.258094 -0.319684 -0.100940 0.246362 0.202369 0.268848 262.776551 103.093172
0.246631 0.362116 0.370925 0.450199 0.557855 0.347436 0.398328 0.363095 -0.232929 -0.078051 -0.275991 -0.316118 -0.144357 0.128209 0.199653 0.204547 260.577099 104.064009
0.248032 0.365213 0.370095 0.452122 0.562467 0.325176 0.402320 0.366189 -0.240220 -0.079097 -0.278304 -0.317364 -0.138175 0.146476 0.207996 0.187977 260.179300 104.887547
0.247375 0.366663 0.366663 0.454662 0.551461 0.323641 0.397951 0.360796 -0.243953 -0.080666 -0.279642 -0.319730 -0.141287 0.147643 0.208265 0.206309 258.395175 105.829648
0.246288 0.362333 0.368208 0.448509 0.550354 0.279094 0.409338 0.368208 -0.228172 -0.090583 -0.282032 -0.330016 -0.167946 0.234047 0.194387 0.211524 253.968229 107.895816
0.250512 0.368918 0.348368 0.508852 0.461881 0.271062 0.411975 0.372832 -0.227026 -0.092963 -0.286719 -0.327818 -0.168802 0.232408 0.161463 0.256383 244.576252 110.488093
0.247787 0.371436 0.344067 0.499484 0.464295 0.273690 0.400760 0.364594 -0.223839 -0.090660 -0.380233 -0.299104 -0.015273 0.142221 0.208688 0.251208 243.065863 111.114110
0.247413 0.370631 0.343250 0.502650 0.454732 0.268928 0.405836 0.367698 -0.230789 -0.093391 -0.383344 -0.299243 -0.009596 0.148155 0.209764 0.247413 241.823779 111.345341
0.251326 0.370632 0.343250 0.502652 0.454733 0.268928 0.405837 0.359875 -0.226878 -0.093391 -0.383345 -0.299244 -0.009596 0.148155 0.209275 0.249859 241.398620 111.369239
0.250759 0.366869 0.353209 0.509324 0.413704 0.269298 0.403947 0.366869 -0.226366 -0.108792 -0.403947 -0.256613 -0.025247 0.146845 0.208316 0.246856 233.304331 112.386112
0.266724 0.361494 0.367356 0.494368 0.407414 0.264770 0.402529 0.363448 -0.226667 -0.108937 -0.404483 -0.256954 -0.025280 0.147040 0.210546 0.248649 229.380753 112.864479
0.254369 0.377670 0.352427 0.510680 0.333981 0.294175 0.352427 0.319418 -0.250486 -0.093447 -0.354369 -0.334952 -0.038107 0.071602 0.208738 0.214563 226.397150 113.517298
0.255123 0.376331 0.347984 0.514156 0.317682 0.303997 0.341142 0.321592 -0.258056 -0.108012 -0.387083 -0.294222 -0.026636 0.075999 0.204294 0.211625 224.284714 113.897712
0.267831 0.374377 0.364602 0.506338 0.313773 0.302043 0.344075 0.318660 -0.251214 -0.106546 -0.381219 -0.290313 -0.030546 0.077221 0.207716 0.196475 223.698228 113.962305
0.267092 0.373733 0.363949 0.504833 0.313075 0.301334 0.343404 0.317966 -0.250460 -0.108353 -0.383516 -0.289594 -0.030390 0.077046 0.207412 0.201053 222.448714 114.054882
0.270714 0.373331 0.380172 0.508199 0.286351 0.310783 0.356717 0.335216 -0.240417 -0.126561 -0.370399 -0.275600 -0.029625 0.061082 0.209632 0.178358 221.721036 114.169161
0.267946 0.373559 0.374537 0.498731 0.268924 0.309996 0.353023 0.331509 -0.248388 -0.156954 -0.356935 -0.286526 -0.030682 0.065520 0.201448 0.212205 218.101917 114.725940
0.260213 0.371733 0.373690 0.492058 0.265105 0.306191 0.358038 0.334560 -0.233312 -0.188801 -0.354125 -0.267061 -0.056738 0.075814 0.214725 0.218638 215.452287 115.007963
0.260120 0.367688 0.371600 0.489925 0.264031 0.306081 0.357909 0.334440 -0.233228 -0.189223 -0.361821 -0.265987 -0.056473 0.076520 0.212692 0.219537 214.085920 115.138782
0.279064 0.336835 0.399503 0.503295 0.243814 0.329002 0.356419 0.333898 -0.264377 -0.126313 -0.393628 -0.275148 -0.000004 0.019400 0.212481 0.215418 213.221643 115.228146
0.288947 0.331208 0.398039 0.503200 0.238823 0.328259 0.358726 0.333173 -0.266342 -0.127274 -0.396073 -0.277153 -0.000004 0.019533 0.213762 0.216710 211.458555 115.436454
0.274902 0.319904 0.422625 0.460779 0.264141 0.307186 0.373710 0.343383 -0.255336 -0.157506 -0.391319 -0.270989 0.000000 -0.003378 0.249466 0.221096 208.213803 115.732516
0.274799 0.319784 0.422467 0.460606 0.264042 0.307071 0.373570 0.343254 -0.255240 -0.157447 -0.391173 -0.271865 -0.000002 -0.003377 0.249373 0.221013 208.194140 115.742912
0.269829 0.319689 0.420386 0.461447 0.261030 0.307957 0.373459 0.344130 -0.256142 -0.161311 -0.391057 -0.272762 -0.000002 -0.003376 0.249299 0.229257 207.799081 115.780952
0.278518 0.323471 0.474946 0.199360 0.301972 0.254086 0.321517 0.301972 -0.362562 -0.159781 -0.438788 -0.298063 -0.060101 -0.002497 0.132907 0.127043 185.192302 117.271432
0.278464 0.317547 0.471924 0.202742 0.315593 0.253061 0.319501 0.299960 -0.343928 -0.162682 -0.446520 -0.296052 -0.059845 -0.002481 0.133858 0.130439 181.033109 117.483136
0.277607 0.318662 0.473106 0.198919 0.311820 0.253170 0.317685 0.297157 -0.359717 -0.151022 -0.441826 -0.331369 0.000002 -0.063293 0.151022 0.128540 180.919727 117.494979
0.278664 0.333419 0.412619 0.290397 0.263020 0.253242 0.319730 0.297242 -0.338308 -0.162799 -0.452707 -0.297242 -0.029822 -0.077733 0.196043 0.171598 177.505144 117.667679
0.278666 0.333421 0.412621 0.290399 0.263021 0.253244 0.319732 0.297244 -0.338310 -0.162800 -0.452710 -0.297244 -0.029822 -0.077244 0.194088 0.165733 177.404948 117.679129
0.278610 0.333355 0.411561 0.290341 0.262969 0.253193 0.318691 0.297184 -0.338243 -0.162767 -0.452620 -0.299140 -0.029999 -0.077718 0.196005 0.171565 177.291839 117.682231
0.277761 0.328619 0.409795 0.258200 0.257222 0.255266 0.318838 0.298300 -0.369696 -0.150128 -0.489994 -0.267981 -0.098292 0.008955 0.176535 0.149150 173.430055 118.065759
0.284835 0.315178 0.401313 0.255470 0.251555 0.255470 0.325945 0.305390 -0.362161 -0.139481 -0.554008 -0.209955 -0.118192 -0.002944 0.157589 0.173250 164.432033 118.752309
0.276540 0.318559 0.385984 0.274586 0.242828 0.254065 0.323445 0.302924 -0.365463 -0.138270 -0.558944 -0.210092 -0.118238 -0.002939 0.144622 0.188595 161.443684 118.913355
0.284941 0.314316 0.400484 0.255565 0.251649 0.255565 0.326066 0.305503 -0.364254 -0.139533 -0.554214 -0.210034 -0.119704 -0.005125 0.159116 0.187023 160.539329 118.979301
0.279699 0.338377 0.316862 0.273831 0.235202 0.215153 0.309038 0.282633 -0.354025 -0.184836 -0.547663 -0.269920 -0.071147 -0.056478 0.127625 0.133004 156.421315 119.191344
0.277442 0.337033 0.315541 0.275488 0.232992 0.212966 0.308703 0.282326 -0.353640 -0.185124 -0.547068 -0.275488 -0.070337 -0.055684 0.126998 0.125044 155.783759 119.310364
0.276554 0.336165 0.316620 0.269714 0.233556 0.213523 0.308803 0.280463 -0.353755 -0.191047 -0.545291 -0.275577 -0.070116 -0.056313 0.126550 0.126062 155.535288 119.355411
0.278457 0.338057 0.290182 0.269664 0.220812 0.214950 0.302883 0.281388 -0.360529 -0.191012 -0.566685 -0.284320 -0.063019 -0.056669 0.151930 0.132878 154.400856 119.470872
0.278469 0.338071 0.290194 0.269675 0.220821 0.214958 0.302896 0.281400 -0.360544 -0.191020 -0.566708 -0.284331 -0.063022 -0.055205 0.151936 0.128486 154.339837 119.485792
0.277889 0.337577 0.289631 0.269083 0.221137 0.215266 0.303330 0.281803 -0.364974 -0.189337 -0.567521 -0.286696 -0.062868 -0.040852 0.151176 0.134542 154.297139 119.501230
0.277863 0.337545 0.289603 0.269057 0.221116 0.215246 0.303301 0.281776 -0.364939 -0.191275 -0.567466 -0.281776 -0.069710 -0.040848 0.161434 0.130126 154.277836 119.508625
0.277708 0.337357 0.289443 0.268908 0.220993 0.215126 0.303132 0.281620 -0.364737 -0.190680 -0.567151 -0.286509 -0.062827 -0.040825 0.151077 0.136410 154.267051 119.511056
0.277769 0.337430 0.289505 0.268966 0.221041 0.215173 0.303198 0.281681 -0.364816 -0.190232 -0.567274 -0.286571 -0.062840 -0.040834 0.151110 0.134483 154.258488 119.512886
0.277824 0.337497 0.289563 0.267063 0.221085 0.215216 0.303258 0.281737 -0.364888 -0.191248 -0.567387 -0.286628 -0.062853 -0.040842 0.151140 0.133042 154.251923 119.516876
0.277736 0.337390 0.289471 0.267956 0.221015 0.215147 0.303162 0.281648 -0.364773 -0.191188 -0.567207 -0.286537 -0.062833 -0.040829 0.151092 0.133000 154.226634 119.523600
0.277648 0.337284 0.289380 0.268849 0.220945 0.215079 0.303066 0.281559 -0.364657 -0.191127 -0.567028 -0.286447 -0.062813 -0.040816 0.151044 0.134425 154.218255 119.524594
0.277709 0.337357 0.289443 0.268908 0.220994 0.215126 0.303133 0.281620 -0.364737 -0.190680 -0.567152 -0.286509 -0.062827 -0.040825 0.151566 0.132498 154.214151 119.525675
0.277648 0.337284 0.289380 0.268849 0.220945 0.215079 0.303066 0.281558 -0.364657 -0.191127 -0.567028 -0.286447 -0.062813 -0.040816 0.151044 0.133936 154.210791 119.526507
0.277647 0.337282 0.289379 0.268848 0.220944 0.215079 0.303065 0.281557 -0.364656 -0.191127 -0.567025 -0.286446 -0.062813 -0.041060 0.152021 0.132958 154.203550 119.529154
0.277586 0.337209 0.289315 0.268790 0.220896 0.215032 0.302999 0.281496 -0.364576 -0.191085 -0.568857 -0.281496 -0.069641 -0.040807 0.161274 0.129996 154.197794 119.530428
0.277708 0.337356 0.289442 0.268907 0.220993 0.215126 0.303132 0.281619 -0.364736 -0.190680 -0.567150 -0.286508 -0.062827 -0.040825 0.151077 0.126631 154.115081 119.548855
0.277648 0.337283 0.289379 0.268849 0.220945 0.215079 0.303066 0.281558 -0.364657 -0.191127 -0.567027 -0.286446 -0.062813 -0.040816 0.151044 0.127092 154.104381 119.552921
0.277657 0.337295 0.289389 0.268858 0.220953 0.215087 0.303077 0.281568 -0.364670 -0.191134 -0.567047 -0.286456 -0.062571 -0.040573 0.150561 0.126608 154.097637 119.555226
0.277647 0.337283 0.289379 0.268848 0.220944 0.215079 0.303065 0.281558 -0.364656 -0.191127 -0.567026 -0.286446 -0.062813 -0.040816 0.150555 0.126603 154.090478 119.555415
0.277647 0.337283 0.289379 0.268849 0.220945 0.215079 0.303066 0.281558 -0.364657 -0.191127 -0.567027 -0.286446 -0.062813 -0.040816 0.151044 0.125137 154.071098 119.560337
0.276514 0.336327 0.288281 0.267689 0.220623 0.214740 0.303969 0.282397 -0.365744 -0.191697 -0.568717 -0.287300 -0.063000 -0.040938 0.151494 0.134825 153.844378 119.579740
0.278683 0.333442 0.287484 0.266949 0.219035 0.213657 0.300196 0.278683 -0.363755 -0.190189 -0.580834 -0.272816 -0.070404 -0.055614 0.151076 0.138364 152.568460 119.726508
0.278596 0.333338 0.287394 0.266866 0.218967 0.213590 0.300102 0.278596 -0.363641 -0.190130 -0.580653 -0.273708 -0.070382 -0.055475 0.151028 0.138320 152.494151 119.731460
0.278595 0.333336 0.287393 0.266865 0.218966 0.213589 0.300101 0.278595 -0.363640 -0.190129 -0.580651 -0.273707 -0.070382 -0.055597 0.151028 0.138320 152.491908 119.731617
0.277737 0.333480 0.287517 0.266980 0.219060 0.213682 0.300230 0.278715 -0.363796 -0.189722 -0.580901 -0.273825 -0.070168 -0.054887 0.151093 0.138380 152.476337 119.735124
0.278592 0.332356 0.289345 0.269795 0.222874 0.207722 0.302053 0.278592 -0.363636 -0.189150 -0.578690 -0.272727 -0.069892 -0.054863 0.150538 0.135875 151.859891 119.788397
0.278084 0.331750 0.288818 0.269303 0.222468 0.207344 0.301502 0.278084 -0.362973 -0.189780 -0.579587 -0.273206 -0.070253 -0.055495 0.150263 0.138067 151.464267 119.815370
0.279017 0.330905 0.288808 0.267269 0.220277 0.209018 0.305451 0.282934 -0.364191 -0.188949 -0.581531 -0.274122 -0.070489 -0.054824 0.161047 0.131187 151.379436 119.824597
0.283564 0.323793 0.294357 0.270808 0.223221 0.213409 0.300244 0.278658 -0.364021 -0.191823 -0.569090 -0.287489 -0.063041 -0.040965 0.151594 0.133442 150.121748 119.933282
0.282957 0.323100 0.293727 0.270229 0.222254 0.212463 0.299602 0.278062 -0.363243 -0.189944 -0.579622 -0.273166 -0.070250 -0.055686 0.151269 0.138052 149.555494 120.008629
0.285366 0.314685 0.302957 0.272662 0.226241 0.207184 0.303935 0.280480 -0.362572 -0.189593 -0.568778 -0.287321 -0.063035 -0.040924 0.149524 0.133399 147.476182 120.197450
0.301785 0.304724 0.304724 0.269451 0.221440 0.215561 0.303745 0.280229 -0.336079 -0.214581 -0.560458 -0.285128 -0.063443 -0.054870 0.151382 0.133256 145.647481 120.297132
0.300122 0.302090 0.302090 0.271586 0.227798 0.207626 0.305042 0.281426 -0.336531 -0.215990 -0.560884 -0.288314 -0.063222 -0.041082 0.152029 0.131365 145.100623 120.428794
0.300050 0.298095 0.310801 0.267797 0.226748 0.209644 0.303960 0.280503 -0.335235 -0.215508 -0.559051 -0.287344 -0.063040 -0.054854 0.161265 0.131944 143.871211 120.525611
0.300690 0.295808 0.302642 0.290927 0.218195 0.211361 0.302642 0.281164 -0.332906 -0.216243 -0.558424 -0.284093 -0.063213 -0.054671 0.160596 0.128867 143.137233 120.672092
0.307926 0.277623 0.296196 0.303039 0.218970 0.216037 0.305971 0.283488 -0.332365 -0.216037 -0.568931 -0.286421 -0.063785 -0.055598 0.165694 0.134412 140.133495 120.965959
0.331640 0.263159 0.314030 0.294465 0.219626 0.210332 0.300334 0.278812 -0.334574 -0.214734 -0.561537 -0.288595 -0.063100 -0.040721 0.148700 0.133536 139.806023 120.999278
0.331530 0.263072 0.313927 0.294367 0.219553 0.210262 0.302191 0.280676 -0.336420 -0.214663 -0.561351 -0.288499 -0.063079 -0.041074 0.152073 0.133003 139.801670 121.004457
0.358457 0.234902 0.352597 0.257855 0.228553 0.212926 0.302784 0.279343 -0.338923 -0.213902 -0.558686 -0.286180 -0.069592 -0.048592 0.150904 0.132834 138.449720 121.246120
0.357765 0.234600 0.355810 0.258060 0.228246 0.212606 0.303025 0.279565 -0.338215 -0.213584 -0.559129 -0.281520 -0.069647 -0.054496 0.161287 0.130007 138.261395 121.278492
0.351090 0.229333 0.349134 0.271875 0.224443 0.213197 0.306103 0.283610 -0.328597 -0.213197 -0.565264 -0.286544 -0.071880 -0.039608 0.165765 0.126647 137.586135 121.504721
